0	0	1
122.31	100	65160
216.016	200	28960
435.049	300	17376
435.988	400	0
638.135	500	0
638.315	600	0
897.049	700	107152
897.987	800	0
900.01	900	0
1005.97	1000	88328
1263.51	1100	37648
1263.58	1200	0
1306.53	1300	28960
1568.07	1400	24616
1568.14	1500	0
1786.1	1600	1448
1786.19	1700	10136
1811.13	1800	0
2060.12	1900	20272
2060.18	2000	0
2108.05	2100	20272
2389.14	2200	39096
2389.21	2300	0
2406	2400	1448
2623.12	2500	15928
2623.18	2600	0
2706.1	2700	27512
2911.14	2800	2896
2911.21	2900	0
3011.48	3000	43440
3100.99	3100	63712
3339.12	3200	27512
3339.2	3300	0
3543.15	3400	0
3543.21	3500	0
3776.11	3600	26064
3776.2	3700	0
4013.07	3800	0
4028.03	3900	0
4044.09	4000	8688
4103.13	4100	15928
4213.04	4200	41992
4374.16	4300	0
4404.09	4400	21720
4506.04	4500	36200
4601.09	4600	72400
4855.12	4700	43440
4855.19	4800	0
5060.19	4900	0
5060.25	5000	0
5103.11	5100	33304
5203.15	5200	55024
5302.05	5300	94120
5400.11	5400	112944
5501.04	5500	127424
5787.23	5600	108600
5787.31	5700	0
5991.21	5800	0
5991.27	5900	0
6194.27	6000	1448
6194.39	6100	0
6208.17	6200	1448
6309.08	6300	117288
6402.06	6400	98464
6506.09	6500	112944
6606.15	6600	128872
6705.13	6700	131768
6800.09	6800	124528
6900.06	6900	167968
7001.1	7000	140456
7101.06	7100	160728
7200.17	7200	140456
7300.13	7300	143352
7401.06	7400	166520
7501.14	7500	160728
7637.1	7600	133216
7796.18	7700	0
8003.17	7800	0
8004.11	7900	0
8005.14	8000	0
8100.14	8100	176656
8330.16	8200	23168
8330.22	8300	0
8401.08	8400	86880
8501.17	8500	137560
8604.16	8600	141904
8700.11	8700	165072
8802.17	8800	144800
8900.19	8900	169416
9000.1	9000	165072
9106.19	9100	170864
9203.24	9200	146248
9300.13	9300	176656
9410.18	9400	163624
9504.15	9500	144800
9609.4	9600	173760
9706.24	9700	159280
9800.19	9800	141904
9902.3	9900	179552
10018.4	10000	181000
10127.2	10100	154936
10218.2	10200	85432
10300.2	10300	110048
10400.1	10400	167968
10500.2	10500	144800
10602.1	10600	167968
10703.3	10700	115840
10809.2	10800	147696
11057.3	10900	76744
11057.4	11000	0
11107.2	11100	78192
11201.6	11200	124528
11302.2	11300	156384
11411.3	11400	162176
11503.3	11500	133216
11602.2	11600	169416
11701.2	11700	199824
11800.1	11800	167968
11906.2	11900	163624
12001.2	12000	179552
12100.2	12100	153488
12201.2	12200	179552
12328.3	12300	156384
12495.4	12400	0
12500.2	12500	0
12604.8	12600	195480
12700.2	12700	139008
12800.3	12800	159280
12903.3	12900	182448
13001.2	13000	185344
13198.3	13100	2896
13405.3	13200	0
13405.4	13300	0
13405.5	13400	0
13504.3	13500	139008
13602.2	13600	127424
13704.4	13700	156384
13804.3	13800	163624
13900.3	13900	182448
14001	14000	214304
14108.4	14100	215752
14205.5	14200	194032
14303.2	14300	175208
14406.3	14400	207064
14501.3	14500	183896
14601.2	14600	218648
14701.4	14700	205616
14801.3	14800	204168
14902.3	14900	207064
15032.3	15000	276568
15103.3	15100	120184
15200.3	15200	240368
15301.3	15300	214304
15409.3	15400	202720
15500.2	15500	209960
15601.3	15600	220096
15700.3	15700	251952
15801.3	15800	225888
15907.4	15900	220096
16004.3	16000	207064
16100.3	16100	211408
16200.2	16200	244712
16300.3	16300	163624
16400.3	16400	230232
16500.2	16500	191136
16600.2	16600	202720
16701.3	16700	217200
16800.3	16800	231680
16901.3	16900	222992
17000.5	17000	228784
17103.3	17100	259192
17201.3	17200	263536
17308.3	17300	231680
17402.9	17400	228784
17502.3	17500	257744
17609.2	17600	237472
17700.3	17700	247608
17802.3	17800	251952
17900.5	17900	253400
18000.3	18000	246160
18100.4	18100	249056
18201.4	18200	254848
18301.3	18300	243264
18409.5	18400	254848
18501.3	18500	251952
18600.3	18600	254848
18702.4	18700	228784
18801.4	18800	243264
18900.3	18900	246160
19003.4	19000	251952
19102.3	19100	289600
19201.4	19200	270776
19300.3	19300	282360
19401.4	19400	292496
19500.6	19500	288152
19607.4	19600	263536
19899.4	19700	227336
19901.3	19800	0
19903.3	19900	0
20004.4	20000	306976
20106.4	20100	214304
20201.3	20200	233128
20300.4	20300	257744
20400.4	20400	228784
20501.3	20500	315664
20601.4	20600	279464
20701.4	20700	240368
20801.4	20800	280912
20900.6	20900	273672
21001.4	21000	272224
21100.4	21100	251952
21200.4	21200	325800
21302.4	21300	285256
21400.3	21400	314216
21500.4	21500	285256
21609.4	21600	317112
21701.4	21700	246160
21800.5	21800	298288
21900.4	21900	308424
22001.4	22000	282360
22107.4	22100	308424
22200.4	22200	276568
22301.4	22300	292496
22400.4	22400	288152
22504.5	22500	278016
22600.4	22600	295392
22715.5	22700	266432
22801.5	22800	321456
22901.4	22900	282360
23000.4	23000	273672
23100.4	23100	295392
23203.4	23200	295392
23402.4	23300	1448
23402.5	23400	0
23507.5	23500	376480
23603.4	23600	234576
23705.5	23700	304080
23804.5	23800	280912
23901.4	23900	311320
24000.4	24000	320008
24106.5	24100	340280
24209.4	24200	322904
24300.4	24300	279464
24400.5	24400	324352
24500.5	24500	301184
24600.4	24600	304080
24700.5	24700	311320
24800.5	24800	337384
24900.4	24900	324352
25009.5	25000	325800
25116.5	25100	302632
25207.4	25200	228784
25328.5	25300	302632
25400.4	25400	204168
25500.5	25500	343176
25603.5	25600	322904
25707.5	25700	338832
25802.5	25800	302632
25900.4	25900	304080
26000.4	26000	348968
26108.6	26100	309872
26207.6	26200	330144
26304.4	26300	321456
26402.5	26400	315664
26616.5	26500	37648
26617.5	26600	0
26713.5	26700	240368
26871.6	26800	0
26904.5	26900	69504
27001.5	27000	221544
27100.5	27100	286704
27200.5	27200	282360
27300.5	27300	288152
27401.5	27400	283808
27509.5	27500	348968
27606.6	27600	299736
27700.5	27700	318560
27800.5	27800	315664
27905.6	27900	315664
28000.5	28000	314216
28100.5	28100	285256
28200.5	28200	335936
28300.5	28300	304080
28400.4	28400	312768
28508.5	28500	327248
28603.1	28600	298288
28704.6	28700	321456
28808.5	28800	338832
28908.6	28900	278016
29004.6	29000	314216
29104.5	29100	286704
29202.6	29200	317112
29300.6	29300	335936
29400.5	29400	280912
29501.5	29500	322904
29600.6	29600	353312
29707.5	29700	333040
29800.5	29800	324352
29901.7	29900	344624
30004.6	30000	350416
30118.5	30100	354760
30208.5	30200	330144
30328.6	30300	373584
30418.6	30400	302632
30501	30500	256296
30603.5	30600	330144
30700.2	30700	309872
30803.6	30800	341728
30900.5	30900	298288
31001.7	31000	314216
31100.5	31100	257744
31335.6	31200	75296
31335.7	31300	0
31403.7	31400	152040
31501.6	31500	251952
31605.6	31600	225888
31706.7	31700	286704
31801.7	31800	301184
32014.7	31900	44888
32014.8	32000	0
32218.8	32100	0
32218.8	32200	0
32301.7	32300	204168
32400.5	32400	211408
32508.7	32500	240368
32602.7	32600	249056
32701.7	32700	275120
32802.7	32800	306976
33013.7	32900	34752
33013.8	33000	0
33217.7	33100	0
33217.8	33200	0
33301.7	33300	205616
33404.6	33400	240368
33509.8	33500	237472
33725.9	33600	52128
33725.9	33700	0
33804.8	33800	149144
33900.7	33900	185344
34000.6	34000	205616
34101.7	34100	240368
34200	34200	266432
34422.7	34300	60816
34422.9	34400	0
34537.6	34500	163624
34711.7	34600	0
34711.8	34700	0
34801.6	34800	131768
34900.6	34900	202720
35001.6	35000	214304
35106.7	35100	222992
35200.7	35200	243264
35300.7	35300	234576
35401.7	35400	292496
35500.7	35500	309872
35731.7	35600	91224
35731.9	35700	0
35805.7	35800	175208
35900.7	35900	150592
36000.6	36000	249056
36103.7	36100	301184
36316.8	36200	41992
36316.9	36300	0
36400.7	36400	178104
36630.8	36500	66608
36630.9	36600	0
36701.7	36700	102808
36809.7	36800	179552
36902.6	36900	185344
37002.7	37000	208512
37137.8	37100	198376
37301.8	37200	0
37301.9	37300	0
37560.8	37400	102808
37560.9	37500	0
37615.7	37600	49232
37702.7	37700	110048
37918.8	37800	21720
37918.9	37900	0
38124.9	38000	0
38125	38100	0
38208.7	38200	91224
38301.7	38300	112944
38556.8	38400	99912
38556.9	38500	0
38600.7	38600	78192
38701.7	38700	153488
38800.7	38800	176656
39048.8	38900	89776
39048.9	39000	0
39105.9	39100	73848
39200.7	39200	141904
39300.7	39300	165072
39404.8	39400	217200
39501.8	39500	234576
39600.7	39600	249056
39700.8	39700	298288
39800.8	39800	298288
39907.2	39900	335936
40000.7	40000	321456
40231.8	40100	101360
40232.7	40200	0
40300	40300	191136
40400.8	40400	205616
40501.8	40500	246160
40601.8	40600	225888
40814.9	40700	40544
40815.8	40800	0
40911.8	40900	179552
41002.8	41000	194032
41100	41100	246160
41200.7	41200	272224
41305.8	41300	312768
41400.7	41400	327248
41503.8	41500	318560
41600.8	41600	343176
41708.8	41700	292496
41800.7	41800	318560
41901.4	41900	350416
42001.8	42000	263536
42103.8	42100	354760
42202.8	42200	302632
42306.9	42300	344624
42511.9	42400	43440
42512	42500	0
42600	42600	257744
42700.7	42700	280912
42800.7	42800	289600
42904.8	42900	298288
43000.8	43000	240368
43102.8	43100	304080
43213.8	43200	225888
43317.8	43300	192584
43400.9	43400	214304
43506.9	43500	306976
43609.8	43600	362000
43707.8	43700	250504
43869.8	43800	0
43900	43900	105704
44000.8	44000	247608
44106.9	44100	188240
44202.8	44200	152040
44367.8	44300	0
44400.9	44400	73848
44500	44500	173760
44601.9	44600	234576
44703.9	44700	225888
44919	44800	18824
44919.1	44900	0
45000.8	45000	133216
45103.9	45100	217200
45207.9	45200	237472
45301.9	45300	237472
45404.9	45400	260640
45500	45500	272224
45607	45600	243264
45702	45700	260640
45802.9	45800	289600
45900	45900	311320
46000	46000	347520
