0	0	1
246.03	100	21720
246.963	200	0
448.1	300	0
448.959	400	0
510.037	500	124528
600.035	600	185344
701.948	700	169416
800.047	800	217200
903.984	900	247608
1000.06	1000	246160
1102.05	1100	292496
1202.05	1200	295392
1300	1300	317112
1400.05	1400	314216
1500.04	1500	321456
1602.04	1600	351864
1707.71	1700	333040
1802.04	1800	306976
1907.01	1900	348968
2001.01	2000	356208
2100.93	2100	322904
2200.96	2200	364896
2300.02	2300	379376
2402.06	2400	346072
2500.05	2500	392408
2603.04	2600	357656
2700.02	2700	375032
2800.03	2800	359104
2905.99	2900	344624
3000.02	3000	346072
3110.07	3100	380824
3201.05	3200	327248
3305.09	3300	362000
3400.06	3400	350416
3500.06	3500	369240
3601.03	3600	343176
3700.01	3700	348968
3800.06	3800	363448
3902.09	3900	354760
4000.18	4000	343176
4101.04	4100	359104
4200.07	4200	341728
4300	4300	375032
4400.12	4400	328696
4500.05	4500	354760
4601.19	4600	353312
4700.05	4700	356208
4800.02	4800	354760
4900.11	4900	362000
5006.06	5000	354760
5100.04	5100	351864
5207.09	5200	360552
5300.25	5300	321456
5400	5400	346072
5500.99	5500	338832
5605.03	5600	330144
5701.03	5700	335936
5800.61	5800	346072
5904.07	5900	350416
6001	6000	340280
6107.08	6100	364896
6200.06	6200	311320
6300.03	6300	343176
6400.04	6400	353312
6501.05	6500	343176
6600.06	6600	346072
6707.06	6700	357656
6801.07	6800	335936
6901.09	6900	314216
7018.1	7000	415576
7100.1	7100	260640
7200.03	7200	344624
7305.16	7300	321456
7403.13	7400	321456
7500.07	7500	311320
7600.25	7600	317112
7705.13	7700	306976
7801.19	7800	325800
7900.17	7900	363448
8000.24	8000	335936
8101.07	8100	337384
8207.09	8200	308424
8303.26	8300	295392
8400.08	8400	364896
8501.08	8500	320008
8606.22	8600	338832
8700.1	8700	304080
8800.11	8800	266432
8900.08	8900	292496
9000.08	9000	325800
9100.18	9100	308424
9200.09	9200	343176
9303.18	9300	280912
9407.14	9400	251952
9501.09	9500	346072
9600.18	9600	285256
9700.22	9700	322904
9800.17	9800	285256
9904.33	9900	279464
10007.2	10000	337384
10100.1	10100	282360
10201.2	10200	306976
10301.2	10300	311320
10402.2	10400	256296
10501.1	10500	285256
10609.2	10600	262088
10700.2	10700	267880
10800.1	10800	266432
10900.1	10900	282360
11000.3	11000	280912
11100.2	11100	262088
11200.2	11200	259192
11302.2	11300	264984
11400.2	11400	254848
11501.1	11500	299736
11603.6	11600	260640
11701.2	11700	263536
11800.1	11800	314216
11906.2	11900	272224
12000.1	12000	270776
12106.2	12100	266432
12201.2	12200	218648
12300.1	12300	273672
12406.2	12400	230232
12501.1	12500	256296
12600.2	12600	260640
12707.2	12700	240368
12800.2	12800	234576
12900.2	12900	267880
13001.1	13000	251952
13100.2	13100	254848
13200.2	13200	231680
13300.2	13300	246160
13400.2	13400	260640
13500.2	13500	137560
13600.2	13600	356208
13702.3	13700	256296
13816.2	13800	279464
13907.2	13900	194032
14026.2	14000	259192
14129.2	14100	214304
14202.2	14200	163624
14300.2	14300	208512
14400.2	14400	220096
14504.3	14500	227336
14600.2	14600	251952
14700.2	14700	228784
14802.2	14800	214304
14900.2	14900	222992
15001.2	15000	231680
15100.2	15100	217200
15200.3	15200	208512
15301.2	15300	225888
15406.3	15400	217200
15500.2	15500	225888
15607.3	15600	99912
15700.2	15700	296840
15806.3	15800	167968
15900.2	15900	182448
16000.2	16000	220096
16100.3	16100	194032
16202.3	16200	208512
16300.2	16300	179552
16403.4	16400	182448
16503.3	16500	188240
16606.3	16600	208512
16701.3	16700	191136
16800.3	16800	78192
16900.3	16900	279464
17001.3	17000	173760
17100.8	17100	199824
17201.3	17200	167968
17300.3	17300	173760
17400.4	17400	202720
17633.4	17500	56472
17633.5	17600	0
17837.4	17700	0
17837.5	17800	0
17903.4	17900	173760
18171.3	18000	124528
18171.4	18100	0
18377.3	18200	0
18377.4	18300	0
18402.4	18400	10136
18500.4	18500	222992
18603.3	18600	179552
18701.3	18700	176656
18982.3	18800	133216
18982.4	18900	0
19004.5	19000	1448
19272.4	19100	127424
19272.5	19200	0
19300.3	19300	55024
19400.4	19400	130320
19505.3	19500	150592
19600.4	19600	147696
19700.4	19700	170864
19801.3	19800	162176
19904.4	19900	147696
20000.3	20000	165072
20108.4	20100	170864
20202.4	20200	162176
20300.3	20300	162176
20401.4	20400	176656
20500.3	20500	167968
20607.4	20600	159280
20702.4	20700	156384
20801.3	20800	130320
21036.4	20900	43440
21037.4	21000	0
21109.4	21100	146248
21201.4	21200	162176
21309.4	21300	136112
21402.4	21400	165072
21500.4	21500	141904
21605.4	21600	153488
21702.3	21700	150592
21801.3	21800	162176
21900.4	21900	156384
22002.4	22000	88328
22163.5	22100	0
22200.4	22200	94120
22306.5	22300	139008
22401.4	22400	136112
22501.4	22500	136112
22601.5	22600	127424
22701.4	22700	144800
22800.4	22800	121632
22900.3	22900	133216
23133.5	23000	34752
23134.4	23100	0
23204.5	23200	128872
23302.4	23300	156384
23531.5	23400	26064
23531.7	23500	0
23601.4	23600	101360
23701.5	23700	124528
23800.4	23800	136112
23931.4	23900	149144
24003.5	24000	63712
24288.5	24100	89776
24288.6	24200	0
24304.5	24300	1448
24421.4	24400	139008
24588.5	24500	0
24792.6	24600	0
24792.7	24700	0
24807.4	24800	10136
24900.5	24900	131768
25126.6	25000	27512
25126.6	25100	0
25200.5	25200	78192
25300.4	25300	112944
25403.5	25400	115840
25501.5	25500	118736
25600.4	25600	115840
25700.4	25700	107152
25801.4	25800	112944
25901.5	25900	107152
26007.5	26000	65160
26178.5	26100	0
26600.6	26200	0
26600.7	26300	0
26600.7	26400	0
26600.7	26500	0
26601.4	26600	0
26818.5	26700	43440
26818.6	26800	0
27096.5	26900	102808
27096.6	27000	0
27300.6	27100	0
27300.7	27200	0
27300.7	27300	0
27583.6	27400	66608
27584.6	27500	0
27600.5	27600	21720
27701.5	27700	73848
27911.6	27800	2896
27911.7	27900	0
28116.5	28000	0
28116.5	28100	0
28333.5	28200	7240
28538.6	28300	0
28539.5	28400	0
28539.5	28500	0
28796.6	28600	34752
28797.6	28700	0
28800.6	28800	0
29075.6	28900	27512
29075.7	29000	0
29111.6	29100	13032
29201.6	29200	30408
29306.5	29300	46336
29405.1	29400	66608
29648.7	29500	36200
29648.7	29600	0
29703.5	29700	44888
29801.5	29800	81088
30006.7	29900	1448
30006.7	30000	0
30102.5	30100	68056
30201.6	30200	92672
30301.5	30300	50680
30463.7	30400	0
30500.6	30500	39096
32684.6	30600	59368
32684.8	30700	0
32700.6	30800	1448
32702.6	30900	2896
32702.7	31000	0
32704.6	31100	1448
32704.7	31200	2896
32716.6	31300	1448
32716.7	31400	1448
32726.6	31500	1448
32726.7	31600	0
32726.7	31700	0
32726.7	31800	0
32730.5	31900	0
32730.6	32000	0
32742.6	32100	0
32742.7	32200	1448
32744.6	32300	11584
32744.7	32400	1448
32744.7	32500	1448
32748.6	32600	1448
32748.7	32700	1448
32802.6	32800	41992
33091.6	32900	63712
33091.7	33000	0
33107.6	33100	1448
33354.6	33200	43440
33354.7	33300	0
33401.5	33400	28960
33632.6	33500	17376
33632.6	33600	0
33837.6	33700	0
33837.7	33800	0
34070.7	33900	17376
34070.8	34000	0
34112.6	34100	11584
34339.6	34200	7240
34339.7	34300	0
34409.7	34400	17376
34627.6	34500	4344
34627.7	34600	0
34860.7	34700	7240
34861.6	34800	0
34907.6	34900	8688
35140.7	35000	5792
35140.8	35100	0
35201.7	35200	15928
35418.7	35300	2896
35418.8	35400	0
35697.7	35500	18824
35698.7	35600	0
35714.7	35700	0
35813.7	35800	36200
35937.6	35900	30408
36102.7	36000	0
36102.7	36100	0
36215.7	36200	49232
36310.6	36300	43440
36563.6	36400	27512
36563.7	36500	0
36767.7	36600	0
36767.8	36700	0
36808.7	36800	28960
36900.6	36900	68056
37190.7	37000	57920
37394.7	37100	0
37394.9	37200	0
37394.9	37300	0
37411.7	37400	2896
37502.7	37500	72400
37602.7	37600	72400
37807.8	37700	1448
37807.9	37800	0
