0	0	1
111.019	100	65160
200.948	200	83984
300.045	300	260640
401.071	400	102808
684.092	500	21720
698.067	600	1448
700.019	700	5792
800.991	800	344624
900.16	900	34752
1149.12	1000	0
1149.19	1100	0
1839.17	1200	5792
1853.13	1300	2896
1853.27	1400	1448
1855.13	1500	2896
1855.22	1600	2896
1867.14	1700	1448
1867.26	1800	1448
1901.11	1900	305528
2000.03	2000	199824
2100.37	2100	196928
2201.08	2200	208512
2300.01	2300	251952
2400.11	2400	264984
2500	2500	269328
2600.11	2600	269328
2701.07	2700	273672
2806.12	2800	260640
2901.17	2900	264984
3001.12	3000	234576
3101.12	3100	208512
3200.07	3200	199824
3300.05	3300	176656
3400.13	3400	167968
3500.11	3500	33304
3787.11	3600	173760
3787.23	3700	0
3985.18	3800	0
3985.24	3900	0
5665.18	4000	0
5665.26	4100	0
5665.28	4200	1448
5679.2	4300	7240
5679.37	4400	1448
5693.19	4500	4344
5695.25	4600	14480
5695.37	4700	1448
5695.4	4800	1448
5696.09	4900	2896
5706.15	5000	1448
5706.28	5100	1448
5706.32	5200	1448
5707.11	5300	1448
5707.16	5400	1448
5709.15	5500	1448
5709.25	5600	1448
5709.3	5700	1448
5801.3	5800	136112
5905.26	5900	156384
6007.24	6000	160728
6100.12	6100	144800
6201.17	6200	124528
6304.24	6300	121632
6746.18	6400	37648
6746.29	6500	0
6747.25	6600	0
6747.31	6700	0
6951.22	6800	1448
6952.21	6900	0
7003.13	7000	105704
7100.21	7100	118736
7350.31	7200	52128
7350.38	7300	0
7410.57	7400	82536
7502.2	7500	118736
7600.21	7600	118736
7700.22	7700	118736
7801.2	7800	121632
7900.1	7900	121632
8000.14	8000	165072
8100.18	8100	160728
8201.18	8200	170864
8301.22	8300	167968
8401.2	8400	211408
8501.21	8500	202720
8601.24	8600	208512
8701.29	8700	257744
8801.2	8800	269328
8900.26	8900	266432
9000.23	9000	266432
9101.31	9100	292496
9200.26	9200	364896
9300.15	9300	353312
9402.3	9400	362000
9500.17	9500	362000
9600.43	9600	353312
9701.31	9700	356208
9800.22	9800	348968
9900.29	9900	321456
10000.2	10000	327248
10101.3	10100	308424
10200.2	10200	266432
10301.2	10300	275120
10401.4	10400	259192
10500.2	10500	266432
10600.3	10600	266432
10700.3	10700	263536
10800.2	10800	275120
10901.3	10900	263536
11000.2	11000	275120
11101.4	11100	130320
11202.3	11200	309872
11300.2	11300	199824
11400.3	11400	205616
11533.3	11500	185344
11621.3	11600	112944
11711.2	11700	82536
11806.8	11800	147696
11901.3	11900	191136
12000.2	12000	205616
12100.2	12100	202720
12201.3	12200	176656
12301.3	12300	165072
12400.4	12400	147696
12501.3	12500	53576
12600.5	12600	127424
12700.3	12700	88328
12800.3	12800	81088
12900.5	12900	86880
13000.3	13000	170864
13100.3	13100	176656
13202.3	13200	211408
13300.2	13300	205616
13400.3	13400	205616
13500.3	13500	269328
13601.4	13600	272224
13703.3	13700	269328
13800.3	13800	269328
13900.2	13900	269328
14001.3	14000	267880
14100.8	14100	254848
14201.3	14200	280912
14300.2	14300	272224
14400.4	14400	266432
14500.3	14500	269328
14600.3	14600	272224
14700.4	14700	199824
14802.4	14800	214304
14900.3	14900	202720
15001.3	15000	205616
15100.3	15100	115840
15200.3	15200	215752
15301.3	15300	162176
15400.3	15400	159280
15511.4	15500	165072
15600.3	15600	141904
15701.3	15700	173760
15802.3	15800	167968
15902.4	15900	167968
16001.3	16000	162176
16100.3	16100	167968
16201.3	16200	185344
16301.7	16300	162176
16400.3	16400	167968
16500.3	16500	165072
16600.4	16600	162176
16701.3	16700	170864
16802.4	16800	82536
16921.3	16900	182448
17154.4	17000	20272
17154.4	17100	0
17373.4	17200	0
17373.6	17300	0
17781.5	17400	0
17781.6	17500	1448
17781.6	17600	0
17781.7	17700	0
17801.8	17800	43440
17901.3	17900	130320
18001.4	18000	159280
18100.9	18100	159280
18201.3	18200	199824
18301.4	18300	205616
18401.4	18400	208512
18501.4	18500	202720
18600.4	18600	254848
18700.3	18700	266432
18800.4	18800	272224
18902.4	18900	266432
19000.4	19000	266432
19100.4	19100	269328
19200.4	19200	269328
19300.4	19300	266432
19400.5	19400	279464
19501.4	19500	347520
19600.4	19600	359104
19704.4	19700	369240
19801	19800	348968
19900.3	19900	362000
20000.4	20000	359104
20100.3	20100	354760
20202.5	20200	357656
20300.4	20300	353312
20400.5	20400	362000
20500.5	20500	359104
20600.4	20600	351864
20701.5	20700	388064
20800.4	20800	376480
20900.5	20900	373584
21000.5	21000	390960
21100.4	21100	385168
21201.5	21200	390960
21300.4	21300	379376
21400.5	21400	375032
21500.5	21500	379376
21600.5	21600	356208
21701.5	21700	364896
21800.4	21800	362000
21900.5	21900	348968
22002.5	22000	343176
22129.4	22100	350416
22220.4	22200	240368
22300.5	22300	98464
22400.5	22400	280912
22500.5	22500	263536
22601.5	22600	273672
22701.5	22700	260640
22806.4	22800	254848
22901.5	22900	254848
23000.6	23000	202720
23101.5	23100	211408
23201.5	23200	208512
23300.4	23300	199824
23400.4	23400	208512
23500.4	23500	243264
23601.4	23600	278016
23700.5	23700	321456
23800.5	23800	350416
23900.4	23900	367792
24001.5	24000	347520
24101.3	24100	382272
24200.5	24200	385168
24300.4	24300	388064
24400.5	24400	379376
24500.5	24500	376480
24601.5	24600	382272
24700.5	24700	390960
24802.1	24800	350416
24900.5	24900	338832
25001.6	25000	362000
25105.5	25100	341728
25205.5	25200	260640
25302.1	25300	269328
25402.5	25400	263536
25500.5	25500	208512
25600.5	25600	182448
25701.5	25700	153488
25934.5	25800	33304
25934.6	25900	0
26143.6	26000	0
26143.7	26100	0
26200.5	26200	147696
26300.5	26300	214304
26401.6	26400	283808
26500.5	26500	327248
26600.5	26600	376480
26708.6	26700	379376
26806.6	26800	359104
26900.5	26900	469152
27006.5	27000	392408
27107.6	27100	189688
27208.5	27200	204168
27302.7	27300	186792
27405.5	27400	376480
27500.5	27500	522728
27760.6	27600	315664
27760.7	27700	0
27800.6	27800	167968
27900.6	27900	141904
28002.7	28000	214304
28101.5	28100	321456
28200.6	28200	318560
28301.6	28300	283808
28579.7	28400	176656
28581.7	28500	0
28601.6	28600	83984
28701.7	28700	231680
28801.5	28800	327248
28901.6	28900	231680
29000.5	29000	208512
29101.6	29100	234576
29207.6	29200	257744
29301.5	29300	263536
29400.6	29400	199824
29500.6	29500	341728
29600.6	29600	350416
29700.6	29700	327248
29800.6	29800	359104
29900.7	29900	347520
30000.6	30000	399648
30101.9	30100	376480
30200.8	30200	379376
30300.6	30300	382272
30400.7	30400	385168
30500.6	30500	373584
30600.6	30600	350416
30701.8	30700	350416
30806.6	30800	370688
30901.6	30900	379376
31000.7	31000	379376
31100.6	31100	393856
31202.6	31200	364896
31300.6	31300	283808
31401.7	31400	306976
31611.7	31500	28960
31613.6	31600	0
31700.7	31700	273672
31800.6	31800	298288
31900.7	31900	278016
32001.7	32000	338832
32106.6	32100	224440
32221.7	32200	146248
32307.6	32300	81088
32406.8	32400	120184
32503.7	32500	253400
32604.7	32600	376480
32705.8	32700	373584
32800.6	32800	370688
32901.7	32900	205616
33005.3	33000	205616
33110.6	33100	266432
33200.7	33200	243264
33302.7	33300	246160
33404.9	33400	237472
33501.7	33500	272224
33600.7	33600	260640
33701.7	33700	263536
33801.7	33800	269328
33901.7	33900	222992
34006.7	34000	338832
34101.7	34100	333040
34200.7	34200	370688
34302.4	34300	379376
34400.7	34400	367792
34502.7	34500	379376
34600.7	34600	376480
34700.6	34700	347520
34803.8	34800	312768
34900.6	34900	333040
35000.7	35000	376480
35100.7	35100	424264
35201	35200	444536
35300.6	35300	422816
35402.7	35400	341728
35500.6	35500	382272
35601.7	35600	373584
35700.7	35700	353312
35805.8	35800	341728
35900.7	35900	364896
36000.8	36000	359104
36101.6	36100	344624
36200.8	36200	266432
36305.9	36300	385168
36406.8	36400	269328
36500.6	36500	304080
36600.7	36600	309872
36713.8	36700	327248
36800.8	36800	304080
36900.7	36900	376480
37000.8	37000	388064
37100	37100	321456
37200.8	37200	356208
37300.8	37300	487976
37400	37400	490872
37511.8	37500	299736
37686.8	37600	0
37700.7	37700	0
37929.9	37800	169416
37930	37900	0
38134.9	38000	0
38135	38100	0
38210.9	38200	140456
38301.8	38300	275120
38508.8	38400	7240
38509.8	38500	0
38726.8	38600	0
38726.9	38700	0
38970.8	38800	95568
38970.9	38900	0
39007.7	39000	43440
39298.9	39100	112944
39299	39200	0
39300.8	39300	0
39413.8	39400	165072
39652.9	39500	56472
39653	39600	0
39704.9	39700	49232
39933.9	39800	13032
39934.8	39900	0
40138.9	40000	0
40139	40100	0
40206.9	40200	41992
40422.9	40300	11584
40423	40400	0
40503.9	40500	78192
40790.9	40600	89776
40791	40700	0
40814.8	40800	1448
40908.9	40900	118736
41129.8	41000	20272
41129.9	41100	0
41346.9	41200	0
41347	41300	0
41411.8	41400	69504
41506.8	41500	112944
41741	41600	55024
41741.1	41700	0
41800.8	41800	73848
41906.8	41900	89776
42000.9	42000	121632
42108.8	42100	202720
42200.9	42200	214304
42305.9	42300	196928
42400.8	42400	275120
42503.9	42500	335936
42798.9	42600	234576
42799	42700	0
42800.8	42800	0
43108.9	42900	207064
43109	43000	0
43109.9	43100	0
43202.8	43200	79640
43307.9	43300	47784
43405.9	43400	118736
43627.9	43500	46336
43628	43600	0
43708.9	43700	105704
43801.9	43800	156384
43900	43900	202720
44169.9	44000	146248
44170.1	44100	0
44201.8	44200	69504
44412.9	44300	0
44413	44400	0
44686.9	44500	75296
44687	44600	0
44700.9	44700	1448
44800.9	44800	152040
44900.9	44900	162176
45000.9	45000	240368
45243.9	45100	110048
45244.9	45200	0
45466.9	45300	10136
45467.9	45400	0
45696	45500	57920
45696.1	45600	0
45726.9	45700	1448
45821.9	45800	46336
45988.9	45900	0
46004	46000	1448
46223	46100	21720
46223.1	46200	0
46482	46300	20272
46482.1	46400	0
46510	46500	23168
46600.9	46600	76744
46717.9	46700	115840
46924.9	46800	15928
46925.9	46900	0
47001.9	47000	49232
47184	47100	0
47213	47200	15928
47472.1	47300	31856
47472.2	47400	0
47501	47500	7240
47721	47600	8688
47721.1	47700	0
47806	47800	57920
48093.1	47900	83984
48093.2	48000	0
48117	48100	1448
48392	48200	49232
48392.1	48300	0
48405.9	48400	1448
48501.1	48500	69504
48721.1	48600	20272
48721.2	48700	0
48969.1	48800	27512
48969.2	48900	0
49800.1	49000	1448
49815	49100	7240
49815.1	49200	1448
49829.1	49300	1448
49829.2	49400	1448
49829.3	49500	1448
49829.3	49600	1448
49831	49700	1448
49844	49800	1448
50098.1	49900	21720
50098.2	50000	0
50112	50100	1448
50202	50200	59368
50301	50300	75296
50548	50400	37648
50548.1	50500	0
50915.1	50600	31856
50941	50700	1448
51755	50800	1448
51771	50900	1448
51772	51000	1448
51787	51100	2896
51787.1	51200	1448
51788	51300	1448
51801.1	51400	1448
51801.2	51500	1448
51801.2	51600	1448
51802	51700	1448
51816.1	51800	1448
52050	51900	14480
52050.1	52000	0
52108	52100	27512
52203	52200	65160
52304	52300	121632
52553.2	52400	69504
52553.3	52500	0
52608.1	52600	39096
52834	52700	4344
52835	52800	0
53058.1	52900	0
53058.2	53000	8688
53109	53100	10136
53212	53200	39096
53302	53300	60816
53557.1	53400	40544
53557.2	53500	0
54672.1	53600	28960
54686.1	53700	0
54686.2	53800	0
54700.1	53900	1448
54700.2	54000	1448
54714.2	54100	1448
54714.3	54200	1448
54714.3	54300	4344
54714.4	54400	1448
54729.2	54500	1448
54729.3	54600	1448
54729.3	54700	1448
54953.1	54800	4344
54954.1	54900	0
55003.1	55000	15928
55106.1	55100	79640
55323.2	55200	13032
55323.3	55300	0
55541.1	55400	0
55541.2	55500	18824
55789.1	55600	23168
55789.2	55700	0
56595.2	55800	1448
56610.2	55900	1448
56610.3	56000	1448
56625.1	56100	5792
56625.2	56200	1448
56626.1	56300	1448
56626.2	56400	1448
56640.2	56500	1448
56640.3	56600	1448
56709.1	56700	47784
56801.2	56800	81088
56900.1	56900	167968
57006.1	57000	205616
57103.2	57100	182448
57202.1	57200	269328
57302.1	57300	211408
57400.1	57400	225888
57504.2	57500	309872
57600.3	57600	362000
57701.2	57700	353312
57800.2	57800	362000
57907.2	57900	364896
58005.1	58000	254848
58103.2	58100	251952
58200.2	58200	364896
58418.2	58300	27512
58418.3	58400	0
58624.2	58500	0
58624.2	58600	0
58701.2	58700	279464
58801.1	58800	335936
58903.3	58900	364896
59002.2	59000	351864
59106.2	59100	409784
59200.1	59200	435848
59300.2	59300	437296
59550.3	59400	215752
59550.5	59500	0
59607.3	59600	176656
59700.3	59700	292496
59912.2	59800	15928
59912.3	59900	0
60027.2	60000	141904
60200.3	60100	0
60200.4	60200	0
60300.2	60300	221544
60437.2	60400	172312
60612.3	60500	0
60613.3	60600	0
60700.2	60700	230232
60971.3	60800	176656
60971.4	60900	0
61001.1	61000	69504
61105.3	61100	211408
61200.3	61200	269328
61474.2	61300	208512
61474.3	61400	0
61502.1	61500	82536
61711.3	61600	1448
61711.6	61700	0
61802.2	61800	170864
62010.3	61900	7240
62010.4	62000	0
62229.2	62100	1448
62229.3	62200	1448
62300.2	62300	134664
62401.3	62400	249056
62500.2	62500	240368
62791.3	62600	237472
62792.2	62700	0
62800.3	62800	0
62994.3	62900	0
63008.3	63000	50680
63229.3	63100	41992
63229.4	63200	0
63301.2	63300	85432
63412.2	63400	137560
63631.2	63500	0
63632.2	63600	0
63700.3	63700	123080
63801.3	63800	220096
63901.4	63900	269328
64000.3	64000	306976
64107.3	64100	405440
64206.3	64200	386616
64300.3	64300	437296
64400.3	64400	477840
64500.2	64500	596576
64601.3	64600	596576
64700.3	64700	611056
64801.3	64800	599472
64900.8	64900	593680
65000.3	65000	512592
65100.5	65100	582096
65200.3	65200	599472
65300.2	65300	596576
65400.2	65400	596576
65500.3	65500	613952
65600.3	65600	590784
65701.3	65700	602368
65800.3	65800	584992
65901.3	65900	576304
66010.3	66000	602368
66101.3	66100	589336
66200.3	66200	590784
66300.3	66300	605264
66400.2	66400	605264
66501.3	66500	596576
66601.4	66600	556032
66701.3	66700	529968
66800.3	66800	338832
66901.4	66900	282360
67005.4	67000	398200
67100.5	67100	495216
67201.4	67200	434400
67448.4	67300	146248
67450.4	67400	0
67689.4	67500	99912
67689.5	67600	0
67893.4	67700	0
67893.5	67800	0
67909.4	67900	13032
68186.4	68000	238920
68187.3	68100	0
68201.4	68200	1448
68406.5	68300	59368
68406.6	68400	0
68522.4	68500	157832
68623.5	68600	99912
68722.3	68700	105704
68958.3	68800	30408
68958.4	68900	0
69013.4	69000	102808
69110.4	69100	105704
69412.4	69200	217200
69412.5	69300	0
69414.4	69400	0
69505.3	69500	153488
69618.4	69600	123080
69790.4	69700	0
70009.4	69800	1448
70009.5	69900	1448
70009.5	70000	1448
70101	70100	128872
70337.4	70200	43440
70337.5	70300	0
70400.3	70400	59368
70502.3	70500	92672
70721.4	70600	13032
70721.5	70700	0
70925.6	70800	0
70925.7	70900	0
71349.5	71000	11584
71349.6	71100	0
71349.7	71200	0
71349.7	71300	0
74739.5	71400	1448
74754.5	71500	4344
74755.5	71600	18824
74756.4	71700	0
74757.4	71800	0
74769.5	71900	0
74769.6	72000	0
74773.5	72100	0
74773.6	72200	1448
74775.5	72300	1448
74777.5	72400	1448
74777.6	72500	0
74784.5	72600	10136
74784.6	72700	1448
74786.6	72800	1448
74788.5	72900	1448
74788.6	73000	1448
74791.5	73100	1448
74791.6	73200	1448
74792.5	73300	1448
74793.4	73400	1448
74799.5	73500	1448
74800.5	73600	1448
74801.4	73700	1448
74804.4	73800	1448
74805.4	73900	1448
74806.4	74000	1448
74809.5	74100	2896
74814.5	74200	2896
74816.5	74300	2896
74819.5	74400	2896
74821.4	74500	2896
74826.5	74600	2896
74830.5	74700	2896
74832.5	74800	2896
74902.5	74900	75296
75001.5	75000	118736
75102.4	75100	107152
75201.5	75200	118736
75301.5	75300	121632
75401.5	75400	112944
75500.5	75500	130320
75600.2	75600	141904
75700.5	75700	147696
75801.5	75800	130320
75902.5	75900	139008
76001.6	76000	118736
76103	76100	121632
76201.5	76200	118736
76303.4	76300	124528
76400.5	76400	118736
