0	0	1
111	100	65160
210.05	200	8688
300.129	300	276568
400.066	400	454672
500.024	500	324352
600.996	600	375032
700.048	700	376480
800.039	800	107152
905.083	900	406888
1005.13	1000	254848
1104.06	1100	251952
1201.06	1200	360552
1300.02	1300	527072
1411	1400	388064
1500.98	1500	301184
1601.99	1600	532864
1700.03	1700	608160
1801.03	1800	599472
1901	1900	593680
2001.12	2000	602368
2100.03	2100	600920
2201.02	2200	605264
2300.09	2300	587888
2400.04	2400	605264
2500.03	2500	611056
2600.04	2600	599472
2700.04	2700	589336
2800.03	2800	613952
2901.06	2900	593680
3000.05	3000	609608
3101.01	3100	589336
3200.11	3200	590784
3300.01	3300	611056
3400.95	3400	605264
3500.18	3500	582096
3600	3600	608160
3700.04	3700	609608
3801.21	3800	553136
3900.05	3900	547344
4000.41	4000	444536
4100.06	4100	398200
4201.03	4200	359104
4301.01	4300	362000
4401.02	4400	359104
4501.04	4500	359104
4600.05	4600	388064
4700.07	4700	385168
4801.01	4800	221544
4900.03	4900	590784
5001.07	5000	516936
5100.07	5100	402544
5201.06	5200	580648
5300.08	5300	579200
5403.04	5400	560376
5501.04	5500	612504
5601.08	5600	569064
5700.14	5700	587888
5802.08	5800	574856
5900.03	5900	590784
6004.06	6000	600920
6100.04	6100	590784
6200.1	6200	608160
6300.07	6300	596576
6400.03	6400	579200
6501.15	6500	606712
6600.04	6600	596576
6701.12	6700	596576
6801.09	6800	595128
6900.08	6900	589336
7000.06	7000	599472
7100.15	7100	593680
7200.07	7200	599472
7301.16	7300	616848
7400.09	7400	593680
7500.06	7500	596576
7600.07	7600	608160
7700.07	7700	595128
7801.03	7800	608160
7900.02	7900	596576
8001.06	8000	596576
8100.13	8100	608160
8201.09	8200	599472
8300.04	8300	593680
8400.06	8400	602368
8500.17	8500	608160
8601.27	8600	608160
8700.14	8700	587888
8801.27	8800	602368
8900.05	8900	608160
9003.19	9000	511144
9102.18	9100	231680
9202.27	9200	482184
9301.2	9300	463360
9402.4	9400	441640
9501.16	9500	438744
9601.19	9600	482184
9701.28	9700	318560
9800.07	9800	563272
9901.14	9900	584992
10003.3	10000	553136
10100.1	10100	615400
10200.1	10200	440192
10301.2	10300	477840
10403.2	10400	428608
10500.2	10500	146248
10601.2	10600	525624
10726.2	10700	469152
10820.1	10800	305528
10915.2	10900	321456
11035.2	11000	199824
11135.2	11100	14480
11240.1	11200	2896
11510.2	11300	384
11586.2	11400	0
11587.2	11500	0
11600.4	11600	0
11700.1	11700	392024
11800.1	11800	388064
11900.2	11900	379376
12000.3	12000	390960
12100.1	12100	306976
12200.3	12200	153488
12300.2	12300	474944
12401.2	12400	543000
12501.3	12500	335936
12602.2	12600	324352
12702.3	12700	505352
12801.3	12800	618296
12901.2	12900	611056
13000.2	13000	596576
13100.2	13100	598024
13200.2	13200	605264
13300.2	13300	602368
13400.3	13400	608160
13500.2	13500	590784
13600.2	13600	602368
13701.3	13700	608160
13800.1	13800	596576
13901.2	13900	596576
14001.2	14000	608160
14100.2	14100	590784
14200.2	14200	605264
14300.2	14300	596576
14401.2	14400	602368
14500.2	14500	602368
14600.1	14600	608160
14700.2	14700	596576
14800.2	14800	602368
14900.3	14900	599472
15001.3	15000	608160
15100.2	15100	590784
15201.5	15200	599472
15300.2	15300	599472
15400.3	15400	602368
15500.3	15500	587888
15600.2	15600	616848
15700.2	15700	495216
15801.3	15800	474944
15921.3	15900	634224
16011.2	16000	450328
16100.3	16100	432952
16226.3	16200	592232
16315.3	16300	337384
16407.3	16400	346072
16503.4	16500	321456
16600.2	16600	221544
16700.2	16700	425712
16800.3	16800	390960
16900.2	16900	393856
17000.3	17000	382272
17100.3	17100	385168
17200.2	17200	390960
17301.3	17300	382272
17400.4	17400	390960
17501.3	17500	385168
17601.3	17600	362000
17701.3	17700	362000
17800.3	17800	359104
17901.3	17900	356208
18000.3	18000	315664
18100.5	18100	208512
18200.2	18200	353312
18302.3	18300	257744
18400.3	18400	81088
18500.3	18500	334488
18600.3	18600	202720
18701.3	18700	205616
18802.3	18800	214304
18900.3	18900	260640
19000.3	19000	275120
19101.3	19100	295392
19200.2	19200	356208
19300.3	19300	364896
19400.4	19400	373584
19500.3	19500	388064
19601.3	19600	388064
19700.2	19700	388064
19801.3	19800	390960
19900.3	19900	379376
20001.4	20000	388064
20100.3	20100	295392
20200.4	20200	254848
20309.4	20300	266432
20407.4	20400	251952
20504.5	20500	251952
20601.4	20600	254848
20701.3	20700	251952
20800.4	20800	257744
20901.4	20900	269328
21000.3	21000	382272
21101.4	21100	385168
21201.3	21200	388064
21300.3	21300	382272
21400.3	21400	390960
21501.3	21500	382272
21600.4	21600	353312
21725.4	21700	422816
21815.4	21800	306976
21911.3	21900	320008
22001.6	22000	327248
22121.3	22100	424264
22208.4	22200	311320
22300.3	22300	337384
22401.5	22400	354760
22500.4	22500	359104
22600.3	22600	364896
22700.3	22700	353312
22800.3	22800	359104
22900.3	22900	376480
23001.5	23000	390960
23100.3	23100	379376
23201.3	23200	388064
23300.3	23300	390960
23401.3	23400	376480
23500.3	23500	353312
23601.4	23600	367792
23700.3	23700	353312
23801.5	23800	364896
23900.3	23900	359104
24000.3	24000	359104
24100.3	24100	359104
24200.3	24200	364896
24301.4	24300	382272
24400.5	24400	388064
24501.5	24500	385168
24600.4	24600	393856
24704.4	24700	315664
24802.6	24800	328696
24900.4	24900	495216
25000.4	25000	512592
25100.4	25100	443088
25200.4	25200	312768
25301.5	25300	399648
25400.4	25400	606712
25501.4	25500	579200
25600.4	25600	593680
25701.5	25700	608160
25801.5	25800	602368
25900.5	25900	590784
26000.4	26000	599472
26100.5	26100	599472
26200.4	26200	613952
26301.5	26300	596576
26400.5	26400	602368
26500.5	26500	605264
26600.5	26600	590784
26725.5	26700	750064
26827.5	26800	431504
26928.6	26900	421368
27016.5	27000	422816
27105.4	27100	460464
27226.8	27200	584992
27300.4	27300	393856
27400.4	27400	592232
27500.5	27500	553136
27604.5	27600	454672
27700.4	27700	408336
27800.5	27800	521280
27901.5	27900	390960
28000.4	28000	163624
28100.6	28100	457568
28200.5	28200	388064
28300.6	28300	379376
28401.6	28400	393856
28500.4	28500	379376
28600.4	28600	370688
28700.4	28700	362000
28800.5	28800	356208
28900.5	28900	237472
29000.4	29000	170864
29101.5	29100	334488
29200.5	29200	272224
29301.5	29300	269328
29404.5	29400	237472
29501.4	29500	211408
29601.5	29600	205616
29700.5	29700	205616
29801.5	29800	208512
29900.5	29900	205616
30000.5	30000	208512
30100.5	30100	205616
30201.5	30200	208512
30300.6	30300	205616
30401.5	30400	205616
30500.5	30500	205616
30600.5	30600	208512
30701.6	30700	220096
30801.5	30800	269328
30900.5	30900	269328
31000.5	31000	272224
31100	31100	263536
31200.5	31200	272224
31300.4	31300	275120
31400.4	31400	266432
31501.5	31500	269328
31600.5	31600	272224
31701.7	31700	266432
31820.5	31800	322904
31921.5	31900	249056
32009.5	32000	194032
32100.6	32100	188240
32200.5	32200	172312
32301.5	32300	243264
32401.5	32400	170864
32501.5	32500	165072
32608.5	32600	165072
32701.6	32700	56472
32800.5	32800	170864
32903.1	32900	124528
33000.6	33000	60816
33101.6	33100	156384
33202.6	33200	176656
33300.5	33300	159280
33400.5	33400	188240
33501.6	33500	205616
33601.6	33600	205616
33701.6	33700	208512
33801.6	33800	205616
33900.6	33900	205616
34000.6	34000	205616
34100.6	34100	205616
34201.6	34200	211408
34301.6	34300	202720
34401.6	34400	205616
34501.6	34500	167968
34601.7	34600	165072
34701.7	34700	124528
34801.6	34800	124528
34901.5	34900	121632
35001.5	35000	121632
35100.5	35100	118736
35367.7	35200	75296
35367.7	35300	0
35400.5	35400	95568
35500.6	35500	162176
35601.7	35600	167968
35700.6	35700	202720
35800.6	35800	211408
35900.6	35900	202720
36000.7	36000	208512
36100.7	36100	205616
36200.6	36200	254848
36301.6	36300	269328
36400.6	36400	272224
36501.7	36500	266432
36600.8	36600	272224
36701.7	36700	263536
36800.6	36800	263536
36921.6	36900	241816
37003	37000	159280
37100.7	37100	350416
37200.6	37200	359104
37300.6	37300	362000
37401.7	37400	362000
37500.7	37500	353312
37601.8	37600	364896
37700.7	37700	390960
37801.6	37800	385168
37900.7	37900	379376
38001.7	38000	393856
38100.6	38100	382272
38201.7	38200	393856
38300.6	38300	385168
38400.8	38400	379376
38500.6	38500	393856
38601.7	38600	388064
38701.7	38700	385168
38800.7	38800	385168
38900	38900	379376
39000.7	39000	370688
39101.7	39100	353312
39200.6	39200	359104
39301.6	39300	364896
39400.7	39400	318560
39500.7	39500	286704
39600.6	39600	275120
39700	39700	260640
39800.7	39800	120184
39900.7	39900	305528
40000.7	40000	208512
40100.7	40100	205616
40200.7	40200	208512
40301.8	40300	205616
40401.8	40400	266432
40500.7	40500	266432
40600.7	40600	275120
40700.6	40700	266432
40800.6	40800	269328
40900.7	40900	272224
41001.8	41000	269328
41100.7	41100	266432
41201.8	41200	272224
41300.8	41300	269328
41401.8	41400	272224
41500	41500	266432
41600.7	41600	266432
41700.7	41700	272224
41802.8	41800	228784
41905.8	41900	283808
42025.8	42000	351864
42115.8	42100	230232
42200.7	42200	228784
42300	42300	266432
42400.8	42400	272224
42501.7	42500	272224
42600.8	42600	199824
42701.7	42700	351864
42801.7	42800	278016
42901.7	42900	269328
43000.7	43000	208512
43107.8	43100	254848
43204.8	43200	246160
43300.7	43300	278016
43400.7	43400	272224
43502	43500	266432
43600	43600	269328
43700.8	43700	269328
43800.8	43800	272224
43901.8	43900	231680
44000.8	44000	205616
44100.8	44100	208512
44200.8	44200	86880
44301.7	44300	327248
44400.8	44400	208512
44501.8	44500	205616
44600.8	44600	205616
44701.8	44700	208512
44800.8	44800	202720
44900	44900	243264
45000.8	45000	275120
45100.8	45100	266432
45200.8	45200	269328
45300.8	45300	275120
45400.9	45400	269328
45500.8	45500	266432
45601.8	45600	272224
45700.7	45700	272224
45801.8	45800	266432
45900	45900	266432
46000.9	46000	272224
46100	46100	266432
46200.8	46200	278016
46302	46300	266432
46401.8	46400	234576
46502	46500	341728
46600	46600	356208
46700.1	46700	353312
46800.8	46800	367792
46900.9	46900	356208
47000.9	47000	367792
47100	47100	350416
47200.2	47200	315664
47305.8	47300	409784
47400.9	47400	309872
47520.9	47500	376480
47610.9	47600	315664
47701.9	47700	280912
47800.9	47800	266432
47900.8	47900	269328
48000.9	48000	263536
48100	48100	97016
48203	48200	321456
48300.9	48300	82536
48401.9	48400	247608
48500	48500	165072
48600	48600	165072
48700.9	48700	165072
48801.9	48800	167968
48901.9	48900	167968
49001.9	49000	162176
49100.8	49100	188240
49200.9	49200	208512
49300.9	49300	205616
49400.9	49400	208512
49500	49500	217200
49600.9	49600	266432
49700	49700	275120
49800	49800	266432
49901.9	49900	269328
50000	50000	208512
50100.9	50100	208512
50201.9	50200	211408
50300	50300	199824
50400.5	50400	205616
50502	50500	166520
50600.8	50600	107152
50701.8	50700	218648
50801.9	50800	167968
50900.8	50900	202720
51001.8	51000	211408
51101.9	51100	225888
51200.8	51200	266432
51300.9	51300	272224
51400	51400	286704
51500.9	51500	367792
51600	51600	359104
51700.8	51700	362000
51801	51800	362000
51900	51900	347520
52000.9	52000	364896
52100	52100	364896
52200	52200	356208
52319.9	52300	401096
52415	52400	240368
52501	52500	288152
52621	52600	351864
52700.9	52700	257744
52801	52800	353312
52901	52900	338832
53001	53000	335936
53100.9	53100	266432
53200	53200	272224
53300	53300	266432
53401	53400	272224
53500	53500	249056
53601	53600	86880
53701	53700	337384
53800	53800	202720
53901.9	53900	205616
54000	54000	211408
54100	54100	231680
54200	54200	275120
54302	54300	269328
54401.7	54400	249056
54500	54500	208512
54600	54600	205616
54701	54700	208512
54802	54800	208512
54900.9	54900	205616
55000	55000	208512
55101	55100	112944
55200	55200	293944
55300	55300	211408
55400	55400	202720
55500	55500	208512
55600	55600	205616
55703.1	55700	211408
55800	55800	202720
55900	55900	205616
56002	56000	208512
56100	56100	208512
56201	56200	205616
56300	56300	205616
56402	56400	208512
56500	56500	205616
56600	56600	208512
56700	56700	202720
56800	56800	205616
56901	56900	211408
57000	57000	202720
57100	57100	205616
57200.6	57200	211408
57300	57300	205616
57417	57400	211408
57506.1	57500	214304
57601	57600	194032
57701	57700	208512
57800	57800	205616
57900.1	57900	202720
58000	58000	207064
58102.1	58100	211408
58200	58200	205616
58300.1	58300	199824
58400	58400	199824
58501	58500	173760
58600	58600	75296
58701	58700	253400
58800	58800	167968
58900	58900	165072
59001	59000	167968
59100	59100	165072
59200	59200	162176
59301.1	59300	143352
59400.1	59400	121632
59500	59500	120184
59636.1	59600	120184
59803.1	59700	0
59803.1	59800	0
60012.1	59900	0
60012.2	60000	0
60102.1	60100	160728
60202	60200	118736
60300.1	60300	133216
60400.1	60400	167968
60500.1	60500	165072
60601.1	60600	167968
60700.8	60700	165072
60801.1	60800	167968
60900	60900	139008
61001.1	61000	121632
61101.1	61100	118736
61200.1	61200	121632
61301.1	61300	121632
61401.1	61400	121632
61502.1	61500	118736
61601.1	61600	118736
61700.1	61700	121632
61801.1	61800	121632
61902.1	61900	162176
62001.1	62000	167968
62101.1	62100	162176
62200	62200	167968
62301.1	62300	165072
62421.1	62400	199824
62512.2	62500	152040
62601.2	62600	146248
62701.2	62700	165072
62800.2	62800	165072
62901.1	62900	167968
63001.2	63000	167968
63102.2	63100	162176
63354.3	63200	76744
63354.3	63300	0
63400.2	63400	72400
63502.2	63500	181000
63920.3	63600	8688
63920.4	63700	0
63920.4	63800	0
63920.4	63900	0
64002.2	64000	143352
64101.2	64100	121632
64201.1	64200	121632
64301.2	64300	130320
64401.1	64400	167968
64500.2	64500	165072
64600.1	64600	167968
64700.9	64700	162176
64801.2	64800	167968
64900.2	64900	179552
65000.2	65000	205616
65100.2	65100	205616
65201.3	65200	211408
65300.2	65300	202720
65400.1	65400	208512
65502.2	65500	208512
65600.2	65600	202720
65700.1	65700	208512
65800.2	65800	205616
65901.1	65900	173760
66000.7	66000	167968
66100.1	66100	165072
66200.2	66200	167968
66300.3	66300	162176
66401.2	66400	167968
66501.2	66500	167968
66601.2	66600	165072
66700.2	66700	165072
66800.2	66800	50680
66900.2	66900	199824
67000.2	67000	121632
67101.2	67100	121632
67201.2	67200	118736
67408.3	67300	1448
67408.3	67400	0
67616.2	67500	0
67616.3	67600	0
67864.3	67700	47784
67864.3	67800	0
68066.4	67900	0
68066.5	68000	0
68100.4	68100	62264
68351.3	68200	60816
68351.4	68300	0
68554.3	68400	0
68554.4	68500	0
68602.3	68600	102808
68702.2	68700	118736
68801.3	68800	118736
68900.3	68900	121632
69000.2	69000	121632
69101.3	69100	162176
69200.2	69200	165072
69300.3	69300	165072
69401.3	69400	170864
69500.3	69500	159280
69600.3	69600	167968
69701.2	69700	167968
69801.2	69800	165072
69927.3	69900	115840
70300.4	70000	4344
70301.4	70100	0
70301.4	70200	0
70301.5	70300	0
70529.4	70400	21720
70529.5	70500	0
70732.4	70600	0
70732.5	70700	0
70939.3	70800	0
70939.4	70900	0
71142.4	71000	63712
71142.5	71100	0
71202.3	71200	99912
71416.4	71300	17376
71416.5	71400	0
71663.4	71500	53576
71663.5	71600	0
71869.5	71700	0
71869.6	71800	0
72085.6	71900	0
72085.7	72000	0
