0	0	1
135.912	100	65160
241.897	200	8688
300.911	300	1448
404.924	400	338832
507.999	500	571960
705.004	600	10136
705.12	700	0
800.018	800	606712
900.069	900	222992
1002.99	1000	144800
1212.03	1100	13032
1213.01	1200	0
1436.04	1300	1448
1436.96	1400	0
1524.02	1500	111496
1790.98	1600	114392
1791.04	1700	0
1805.05	1800	1448
2053.03	1900	88328
2054.03	2000	0
2101.04	2100	76744
2312.1	2200	2896
2312.2	2300	0
2400	2400	98464
2505.96	2500	186792
2750.03	2600	86880
2750.12	2700	0
2836.05	2800	85432
3009.08	2900	0
3009.16	3000	0
3101.96	3100	123080
3206.02	3200	188240
3427.02	3300	40544
3428.02	3400	0
3500.09	3500	81088
3603.97	3600	146248
3864.06	3700	101360
3864.12	3800	0
3914.03	3900	62264
4000.04	4000	136112
4209.06	4100	2896
4209.17	4200	0
4467.02	4300	53576
4467.09	4400	0
4503.33	4500	31856
4784.03	4600	102808
4784.11	4700	0
4988.06	4800	0
4989	4900	0
5207.22	5000	4344
5207.3	5100	0
5207.34	5200	0
5466.08	5300	73848
5466.15	5400	0
5695.13	5500	23168
5695.23	5600	0
5712.03	5700	0
5815.07	5800	76744
5983.09	5900	0
6006.13	6000	1448
6100.1	6100	108600
6203.06	6200	162176
6300.1	6300	143352
6404.09	6400	266432
6650.18	6500	86880
6650.27	6600	0
6707.9	6700	91224
6999.12	6800	147696
6999.23	6900	0
7001.06	7000	0
7106.16	7100	134664
7321.25	7200	20272
7321.32	7300	0
7526.28	7400	0
7526.39	7500	0
7754.08	7600	28960
7754.2	7700	0
7814.18	7800	52128
7918.19	7900	81088
8177.09	8000	55024
8178.02	8100	0
8381.09	8200	0
8382.1	8300	1448
8403.09	8400	23168
8600.1	8500	0
8600.21	8600	0
8819.13	8700	13032
8819.2	8800	0
8901.13	8900	49232
9005.04	9000	81088
9108.09	9100	121632
9203.07	9200	118736
9301.05	9300	70952
9405.21	9400	108600
9505.11	9500	205616
9601.11	9600	257744
9700.16	9700	275120
9923.18	9800	57920
9923.29	9900	0
10006.1	10000	152040
10104.1	10100	127424
10210.1	10200	178104
10300	10300	176656
10400.2	10400	238920
10652.2	10500	88328
10652.3	10600	0
10705.1	10700	107152
10804.1	10800	194032
10904.1	10900	182448
11001.1	11000	185344
11101.1	11100	182448
11201.2	11200	247608
11305.2	11300	244712
11400.1	11400	263536
11501.1	11500	237472
11603.1	11600	211408
11700.2	11700	320008
11800.2	11800	340280
11905.1	11900	348968
12002.2	12000	341728
12105.2	12100	432952
12200.2	12200	422816
12426.2	12300	134664
12426.3	12400	0
12630.2	12500	0
12630.3	12600	0
12870.2	12700	191136
12871.1	12800	0
12919.1	12900	70952
13109.2	13000	0
13109.3	13100	0
13387.2	13200	198376
13387.3	13300	0
13401.2	13400	1448
13605.2	13500	2896
13606.2	13600	0
13717.2	13700	196928
13885.3	13800	0
13907.2	13900	5792
14154.3	14000	89776
14154.4	14100	0
14202.3	14200	55024
14315.2	14300	128872
14411.2	14400	79640
14501.2	14500	78192
14665.3	14600	0
14700.3	14700	46336
15009.3	14800	127424
15009.4	14900	0
15009.4	15000	0
15268.3	15100	56472
15268.4	15200	0
15485.3	15300	1448
15485.4	15400	1448
15502.3	15500	21720
15754.2	15600	43440
15754.4	15700	0
16500.4	15800	1448
16515.3	15900	1448
16515.5	16000	1448
16529.3	16100	1448
16529.4	16200	1448
16533.3	16300	1448
16534.2	16400	1448
16548.3	16500	1448
16607.4	16600	63712
16863.3	16700	55024
16863.4	16800	0
16900.2	16900	39096
17168.3	17000	72400
17168.4	17100	0
17204.3	17200	31856
17401.3	17300	4344
17401.4	17400	0
17639.4	17500	2896
17639.5	17600	0
17700.4	17700	31856
17904.3	17800	5792
17904.4	17900	0
18172.3	18000	27512
18172.4	18100	0
18201.4	18200	14480
18300.3	18300	88328
18405.3	18400	136112
18500.3	18500	176656
18601.4	18600	262088
18705.3	18700	256296
18800.3	18800	269328
18900.2	18900	270776
19181.4	19000	240368
19182.3	19100	0
19200.4	19200	79640
19300.2	19300	134664
19400.3	19400	186792
19501.3	19500	162176
19600.2	19600	160728
19704.4	19700	237472
19801.3	19800	179552
20085.3	19900	196928
20085.5	20000	0
20101.3	20100	66608
20204.3	20200	152040
20303.3	20300	133216
20404.3	20400	238920
20501.3	20500	254848
20600.3	20600	243264
20700.3	20700	257744
20801.2	20800	259192
20905.3	20900	241816
21001.3	21000	264984
21100.4	21100	253400
21201.5	21200	243264
21300.4	21300	251952
21401.4	21400	263536
21506.4	21500	257744
21600.4	21600	263536
21700.4	21700	262088
21801.3	21800	264984
21906.4	21900	272224
22001.4	22000	228784
22288.4	22100	167968
22290.4	22200	0
22300.4	22300	0
22401.4	22400	324352
22500.4	22500	269328
22600.4	22600	292496
22705.5	22700	315664
22806.3	22800	347520
22900.3	22900	321456
23000.5	23000	338832
23100.3	23100	354760
23302.4	23200	7240
23302.5	23300	0
23507.4	23400	0
23507.5	23500	0
23600.4	23600	273672
23700.4	23700	253400
23938.5	23800	78192
23938.6	23900	0
24143.4	24000	0
24143.5	24100	0
24203.4	24200	140456
24431.4	24300	15928
24431.5	24400	0
24502.3	24500	144800
24609.3	24600	196928
24705.4	24700	111496
24933.5	24800	36200
24933.6	24900	0
25005.6	25000	163624
25261.5	25100	115840
25261.6	25200	0
25305.4	25300	83984
25400.5	25400	175208
25502.6	25500	179552
25600.4	25600	185344
25701.4	25700	208512
25907.5	25800	4344
25907.6	25900	0
26113.6	26000	0
26113.7	26100	0
26200.4	26200	139008
26305.4	26300	136112
26400.4	26400	221544
26500.4	26500	264984
26600.4	26600	222992
26702.5	26700	195480
26805.4	26800	191136
26900.6	26900	202720
27000.5	27000	188240
27105.5	27100	196928
27202.5	27200	185344
27336.6	27300	114392
27499.5	27400	0
27500.5	27500	0
27603.4	27600	137560
27711.5	27700	78192
27800.5	27800	117288
27900.6	27900	196928
28000.5	28000	208512
28100.4	28100	233128
28201.4	28200	270776
28300.4	28300	266432
28405.5	28400	301184
28500.4	28500	350416
28600.5	28600	346072
28705.4	28700	367792
28800.4	28800	367792
28900.6	28900	375032
29005.5	29000	360552
29100.4	29100	385168
29202.4	29200	350416
29300.5	29300	315664
29400.5	29400	298288
29502.7	29500	376480
29600.5	29600	402544
29700.5	29700	373584
29837.6	29800	431504
29911.5	29900	179552
30001.5	30000	330144
30102.4	30100	375032
30200.4	30200	367792
30300.5	30300	356208
30400.5	30400	360552
30505.5	30500	335936
30600.4	30600	360552
30700.6	30700	348968
30800.5	30800	295392
30900.5	30900	233128
31003.5	31000	237472
31100.5	31100	176656
31200.4	31200	179552
31302.5	31300	179552
31401.6	31400	182448
31501.7	31500	176656
31600.5	31600	182448
31700.5	31700	217200
31975.6	31800	230232
31975.7	31900	0
32000.6	32000	102808
32100.5	32100	236024
32204.5	32200	293944
32303.6	32300	214304
32405.5	32400	251952
32500.5	32500	269328
32601.5	32600	260640
32705.5	32700	260640
32800.5	32800	246160
32900.6	32900	205616
33001.6	33000	208512
33100.6	33100	199824
33202.6	33200	196928
33301.6	33300	162176
33400.6	33400	162176
33505.6	33500	162176
33600.5	33600	169416
33701.6	33700	165072
33802.5	33800	141904
33900.6	33900	118736
34000.5	34000	124528
34136.6	34100	108600
34306.7	34200	0
34306.7	34300	0
34510.7	34400	0
34510.8	34500	0
34602.6	34600	181000
34701.6	34700	162176
34825.6	34800	189688
34931.6	34900	88328
35003.6	35000	76744
35101.6	35100	149144
35200.5	35200	208512
35304.7	35300	234576
35401.6	35400	275120
35500.5	35500	263536
35601.6	35600	272224
35700.6	35700	260640
35806.7	35800	263536
35903.6	35900	263536
36000.1	36000	272224
36100.5	36100	364896
36201.6	36200	293944
36300.6	36300	263536
36403.6	36400	257744
36500	36500	353312
36601.6	36600	347520
36700.6	36700	359104
36800.6	36800	359104
36905.6	36900	341728
37000.7	37000	366344
37101.6	37100	330144
37200.6	37200	382272
37300.7	37300	353312
37400.6	37400	359104
37500.6	37500	362000
37600.6	37600	359104
37700.6	37700	353312
37800.7	37800	375032
37900.7	37900	376480
38004.6	38000	379376
38100.7	38100	388064
38200.6	38200	376480
38300.7	38300	367792
38400.6	38400	380824
38501.7	38500	367792
38600.6	38600	388064
38706.7	38700	364896
38804.7	38800	367792
38900.7	38900	375032
39000.7	39000	373584
39100.6	39100	382272
39200.7	39200	369240
39300.7	39300	353312
39400.6	39400	362000
39506.7	39500	341728
39600.7	39600	372136
39700.6	39700	346072
39800.7	39800	153488
39908.7	39900	393856
40002.6	40000	185344
40102.7	40100	167968
40226.7	40200	230232
40319.7	40300	189688
40426.7	40400	163624
40507.8	40500	153488
40600.7	40600	214304
40700.6	40700	275120
40801.6	40800	266432
40900.6	40900	263536
41000.7	41000	272224
41101.7	41100	269328
41200.6	41200	269328
41300.8	41300	260640
41400.7	41400	266432
41500.8	41500	269328
41600.7	41600	263536
41705.8	41700	249056
41800.7	41800	266432
41900.7	41900	269328
42000.6	42000	266432
42102.8	42100	257744
42200.7	42200	263536
42301.8	42300	269328
42400.7	42400	269328
42501.8	42500	243264
42600.7	42600	121632
42707.9	42700	379376
42804.8	42800	227336
42900.7	42900	291048
43000.7	43000	286704
43105.8	43100	308424
43200.7	43200	337384
43300.7	43300	331592
43400.8	43400	356208
43501.8	43500	357656
43600.8	43600	356208
43700.7	43700	337384
43800.9	43800	353312
43900.8	43900	364896
44000.7	44000	338832
44100.8	44100	356208
44200	44200	306976
44301	44300	264984
44401.8	44400	259192
44501.7	44500	237472
44600.7	44600	234576
44700.7	44700	269328
44800.7	44800	269328
44905.8	44900	257744
45000.9	45000	278016
45101.8	45100	269328
45201.8	45200	272224
45300.8	45300	263536
45400.8	45400	269328
45500.8	45500	160728
45601.8	45600	279464
45726.8	45700	178104
45827.8	45800	105704
45928.8	45900	110048
46019.9	46000	133216
46104.8	46100	121632
46200.8	46200	107152
46300.9	46300	98464
46401.8	46400	123080
46505.8	46500	115840
46601.8	46600	118736
46700.8	46700	165072
46800.8	46800	167968
46901.8	46900	162176
47004	47000	167968
47101.9	47100	167968
47202.8	47200	179552
47310	47300	188240
47409.8	47400	173760
47500.8	47500	162176
47605.8	47600	162176
47701.8	47700	167968
47801.9	47800	162176
47901.9	47900	167968
48000.8	48000	162176
48105.9	48100	162176
48202.8	48200	170864
48301.8	48300	167968
48401.8	48400	167968
48500.8	48500	68056
48600.8	48600	259192
48701.8	48700	167968
48802.8	48800	165072
48901.9	48900	162176
49001.9	49000	167968
49101.9	49100	165072
49201.8	49200	167968
49301.9	49300	162176
49402.9	49400	167968
49500.9	49500	165072
49601.9	49600	167968
49706	49700	156384
49800	49800	165072
49902.9	49900	133216
50000	50000	8688
50101.9	50100	159280
50204	50200	104256
50300.8	50300	165072
50401.9	50400	162176
50501	50500	167968
50602.9	50600	211408
50705.9	50700	188240
50813	50800	154936
50900.9	50900	146248
51001	51000	263536
51101	51100	330144
51200.9	51200	362000
51300	51300	353312
51400.9	51400	362000
51500.9	51500	372136
51607	51600	379376
51700	51700	382272
51801	51800	385168
51900	51900	393856
52000.9	52000	385168
52101	52100	379376
52200.9	52200	396752
52306.9	52300	298288
52400.9	52400	395304
52500.9	52500	382272
52600.8	52600	382272
52700.8	52700	393856
52800.8	52800	379376
52905.9	52900	370688
53001.2	53000	395304
53101	53100	388064
53200.9	53200	393856
53301	53300	367792
53401	53400	362000
53501	53500	359104
53601	53600	356208
53700	53700	348968
53800	53800	364896
53905.1	53900	331592
54002	54000	305528
54100	54100	146248
54200	54200	367792
54300	54300	272224
54401	54400	269328
54500	54500	263536
54600	54600	266432
54700	54700	249056
54801	54800	211408
54900	54900	199824
55001	55000	208512
55100	55100	208512
55200	55200	199824
55300	55300	208512
55400	55400	146248
55500	55500	186792
55606	55600	165072
55702	55700	167968
55834	55800	150592
55934	55900	97016
56000	56000	73848
56104	56100	121632
56202.9	56200	136112
56300	56300	159280
56400	56400	153488
56501	56500	165072
56601.9	56600	170864
56700	56700	179552
56801.9	56800	208512
56901.9	56900	202720
57000.9	57000	208512
57101	57100	202720
57200	57200	205616
57300	57300	202720
57400	57400	208512
57501	57500	254848
57600	57600	269328
57700.1	57700	266432
57802	57800	275120
57900	57900	269328
58006.1	58000	263536
58100	58100	272224
58201	58200	269328
58300.1	58300	269328
58401	58400	269328
58500	58500	260640
58600	58600	272224
58700	58700	243264
58800	58800	208512
58900	58900	205616
59001	59000	208512
59101	59100	208512
59201	59200	205616
59300.1	59300	202720
59400	59400	208512
59500	59500	176656
59603.1	59600	170864
59705.1	59700	153488
59800.1	59800	73848
59900.1	59900	114392
60000	60000	92672
60280.1	60100	83984
60280.2	60200	0
60485.2	60300	0
60486	60400	0
60500.1	60500	10136
60600	60600	150592
60700	60700	162176
60801	60800	167968
60901.1	60900	165072
61000	61000	165072
61100	61100	165072
61202.2	61200	172312
61323.1	61300	166520
61412.2	61400	140456
61500	61500	156384
61601.1	61600	182448
61700.1	61700	165072
61801.1	61800	167968
61901.1	61900	165072
62001	62000	167968
62100.1	62100	162176
62200.1	62200	165072
62300.1	62300	75296
62401.1	62400	175208
62629.1	62500	27512
62629.2	62600	0
62840.2	62700	0
62840.2	62800	0
64695.2	62900	31856
64695.4	63000	0
64710.1	63100	1448
64710.2	63200	1448
64710.2	63300	1448
64711.1	63400	1448
64713.1	63500	1448
64713.2	63600	1448
64714.2	63700	1448
64714.2	63800	1448
64716.2	63900	1448
64717.1	64000	1448
64717.2	64100	1448
64717.2	64200	1448
64724.2	64300	1448
64724.3	64400	1448
64724.4	64500	1448
64727.2	64600	1448
64729.1	64700	2896
64820.2	64800	41992
64907.1	64900	47784
65000.1	65000	153488
65101.1	65100	167968
65200.1	65200	165072
65301.1	65300	167968
65400.1	65400	159280
65500.3	65500	167968
65601.1	65600	156384
65701.1	65700	118736
65802.1	65800	121632
65900.1	65900	118736
66000.1	66000	121632
66100.1	66100	121632
66202.1	66200	121632
66300.1	66300	121632
66401.2	66400	43440
66503.1	66500	194032
66602.2	66600	124528
66701.1	66700	118736
66996.3	66800	110048
66996.3	66900	0
67202.3	67000	0
67202.4	67100	0
67203.2	67200	0
67450.3	67300	78192
67450.3	67400	0
67703.2	67500	52128
67703.3	67600	0
67703.3	67700	0
67907.3	67800	0
67907.4	67900	0
68341.2	68000	23168
68341.4	68100	0
68341.4	68200	0
68341.4	68300	0
68544.2	68400	1448
68544.3	68500	1448
69731.4	68600	20272
69731.5	68700	1448
69731.5	68800	1448
69731.5	68900	0
69744.3	69000	0
69745.3	69100	0
69746.3	69200	1448
69747.2	69300	1448
69748.2	69400	1448
69749.2	69500	1448
69749.3	69600	1448
69750.2	69700	1448
69803.2	69800	34752
69901.3	69900	110048
70005.3	70000	153488
70101.3	70100	165072
70204.4	70200	153488
70300.2	70300	133216
70401.3	70400	121632
70502.3	70500	121632
70600.3	70600	118736
70704.3	70700	115840
70810.3	70800	73848
70976.4	70900	0
