0	0	1
125.962	100	65160
200.936	200	105704
300.965	300	372136
404.99	400	99912
500.89	500	528520
605.99	600	172312
700.965	700	532864
800.039	800	364896
900.023	900	401096
1000.02	1000	377928
1102.03	1100	351864
1200.96	1200	390960
1301.01	1300	169416
1400.98	1400	522728
1500.01	1500	392408
1600.98	1600	383720
1700.97	1700	334488
1800.01	1800	406888
1901.01	1900	372136
2000.97	2000	364896
2100.92	2100	390960
2200.99	2200	363448
2301.01	2300	373584
2406	2400	359104
2506.32	2500	351864
2600.99	2600	379376
2700.02	2700	350416
2802.99	2800	334488
2905.19	2900	379376
3000.01	3000	357656
3101	3100	380824
3201.01	3200	357656
3300.99	3300	388064
3401.03	3400	377928
3500.01	3500	372136
3606.03	3600	351864
3701.05	3700	379376
3803.02	3800	340280
3910.02	3900	393856
4005	4000	344624
4100	4100	369240
4220.01	4200	296840
4389.11	4300	0
4400.98	4400	0
4501.01	4500	399648
4601.02	4600	360552
4700.01	4700	354760
4801.01	4800	357656
4900.34	4900	327248
5000.05	5000	354760
5101.04	5100	373584
5200.01	5200	338832
5300.03	5300	369240
5560.07	5400	189688
5564.21	5500	0
5600.22	5600	0
5703.07	5700	482184
5800.04	5800	382272
5900.02	5900	359104
6000.01	6000	348968
6105.04	6100	328696
6200.07	6200	348968
6300.05	6300	375032
6400.06	6400	359104
6501.07	6500	333040
6607.1	6600	360552
6700.09	6700	347520
6800.06	6800	370688
6901.17	6900	347520
7000.04	7000	353312
7100.14	7100	247608
7201.08	7200	414128
7300.06	7300	375032
7409.12	7400	330144
7500.06	7500	321456
7600.09	7600	346072
7700.13	7700	327248
7801.11	7800	357656
7900.19	7900	343176
8000.07	8000	280912
8101.1	8100	350416
8200.06	8200	364896
8300.06	8300	346072
8400.31	8400	346072
8500.07	8500	320008
8600.04	8600	325800
8701.13	8700	337384
8800.09	8800	320008
8905.18	8900	314216
9001.23	9000	351864
9106.19	9100	302632
9200.35	9200	337384
9300.13	9300	280912
9401.15	9400	341728
9501.08	9500	306976
9600.72	9600	312768
9700.13	9700	308424
9801.2	9800	357656
9905.1	9900	341728
10001.1	10000	324352
10100.1	10100	335936
10200.2	10200	304080
10301.1	10300	337384
10401.2	10400	334488
10500.2	10500	282360
10600.1	10600	314216
10708.5	10700	249056
10800.2	10800	325800
10905.1	10900	314216
11000.2	11000	279464
11100.2	11100	322904
11200.1	11200	288152
11300.3	11300	309872
11401.1	11400	288152
11503.2	11500	188240
11600.2	11600	363448
11700.1	11700	289600
11800.1	11800	266432
11905.2	11900	321456
12000.2	12000	257744
12100.2	12100	296840
12201.2	12200	305528
12307.3	12300	304080
12408.1	12400	318560
12500.2	12500	304080
12607.3	12600	136112
12701.7	12700	432952
12808.2	12800	257744
12900.2	12900	278016
13000.2	13000	182448
13107.2	13100	341728
13200.1	13200	264984
13300.1	13300	289600
13406.3	13400	275120
13507.2	13500	270776
13601.2	13600	243264
13700.2	13700	241816
13802.1	13800	295392
13902.3	13900	253400
14001.2	14000	288152
14120.2	14100	327248
14221.2	14200	275120
14310.6	14300	225888
14414.3	14400	253400
14501.3	14500	244712
14600.2	14600	192584
14702.2	14700	317112
14800.2	14800	260640
14900.2	14900	244712
15008.2	15000	251952
15100.2	15100	228784
15200.3	15200	231680
15300.2	15300	263536
15400.2	15400	236024
15507.2	15500	254848
15600.2	15600	254848
15701.3	15700	254848
15805.2	15800	249056
15900.2	15900	266432
16000.3	16000	217200
16100.6	16100	244712
16202.3	16200	237472
16301.3	16300	266432
16400.3	16400	225888
16500.3	16500	269328
16600.2	16600	217200
16700.3	16700	221544
16800.2	16800	243264
16906.3	16900	231680
17001.2	17000	234576
17100.2	17100	225888
17205.4	17200	214304
17304.3	17300	222992
17401.2	17400	120184
17500.3	17500	343176
17604.3	17600	214304
17709.3	17700	234576
17800.2	17800	222992
17905.2	17900	225888
18000.3	18000	214304
18100.3	18100	89776
18200.2	18200	343176
18300.3	18300	225888
18405.3	18400	211408
18506.3	18500	222992
18601.3	18600	234576
18704.4	18700	124528
18803.3	18800	250504
18900.3	18900	212856
19000.4	19000	205616
19103.3	19100	214304
19222.3	19200	236024
19320.3	19300	167968
19401.3	19400	199824
19638.4	19500	57920
19638.4	19600	0
19710.5	19700	165072
19807.3	19800	182448
19907.4	19900	205616
20005.3	20000	183896
20101.3	20100	196928
20200.8	20200	202720
20309.4	20300	191136
20400.3	20400	194032
20507.7	20500	188240
20604.3	20600	185344
20700.3	20700	202720
20810.4	20800	182448
20900.3	20900	68056
21002.4	21000	278016
21100.3	21100	170864
21207.5	21200	191136
21300.3	21300	76744
21403.3	21400	269328
21500.3	21500	182448
21606.3	21600	167968
21811.4	21700	7240
21814.3	21800	0
21901.7	21900	175208
22002.5	22000	167968
22130.3	22100	175208
22294.5	22200	0
22503.4	22300	0
22505.5	22400	0
22505.5	22500	0
22600.4	22600	194032
22701.3	22700	165072
22805.4	22800	176656
22901.4	22900	104256
23003.5	23000	221544
23101.4	23100	85432
23200.4	23200	251952
23303.4	23300	170864
23403.4	23400	101360
23502.4	23500	243264
23609.4	23600	165072
23821.5	23700	11584
23821.5	23800	0
23901.4	23900	173760
24000.4	24000	159280
24118.4	24100	159280
24216.4	24200	194032
24308.4	24300	153488
24401.3	24400	157832
24507.4	24500	72400
24605.4	24600	238920
24701.4	24700	170864
24806.4	24800	159280
24900.4	24900	162176
25000.4	25000	179552
25100.4	25100	124528
25299.4	25200	0
25300.4	25300	0
25503.5	25400	0
25503.5	25500	0
25605.5	25600	172312
25702.5	25700	133216
25803.8	25800	170864
25901.5	25900	123080
26004.4	26000	166520
26101.5	26100	162176
26200.7	26200	121632
26303.4	26300	178104
26400.8	26400	150592
26501.4	26500	99912
26731.5	26600	0
26733.5	26700	0
26800.4	26800	189688
26900.4	26900	104256
27131.6	27000	0
27131.6	27100	0
27339.5	27200	0
27339.6	27300	0
27408.4	27400	165072
27508.5	27500	127424
27601.4	27600	20272
27853.6	27700	107152
27854.5	27800	0
27900.4	27900	134664
28000.4	28000	136112
28260.6	28100	82536
28260.6	28200	0
28469.6	28300	0
28469.7	28400	0
28504.5	28500	85432
28602.5	28600	95568
28700.5	28700	55024
28970.5	28800	153488
28970.5	28900	0
29002.9	29000	94120
29274.6	29100	73848
29274.6	29200	0
29481.5	29300	0
29482.5	29400	0
29505.6	29500	7240
29600.5	29600	91224
29735.5	29700	108600
29897.6	29800	0
29900.6	29900	0
30002.5	30000	157832
30102.5	30100	115840
30200.5	30200	81088
30464.6	30300	85432
30464.6	30400	0
30671.5	30500	0
30671.6	30600	0
30702.6	30700	63712
30801.6	30800	73848
30905.5	30900	82536
31077.6	31000	0
31279.5	31100	1448
31280.5	31200	68056
31318.5	31300	17376
31530.7	31400	4344
31530.7	31500	0
31736.6	31600	0
31736.7	31700	0
31801.6	31800	73848
32064.6	31900	36200
32064.6	32000	0
32103.6	32100	72400
32226.6	32200	75296
32398.7	32300	0
32404.6	32400	0
32614.7	32500	1448
32614.8	32600	52128
32701.5	32700	34752
32907.6	32800	1448
32907.6	32900	0
33113.6	33000	0
33113.7	33100	0
33211.6	33200	72400
33429.7	33300	5792
33429.7	33400	0
33635.8	33500	0
33635.8	33600	0
33701.6	33700	55024
33976.7	33800	30408
33976.7	33900	0
34181.7	34000	0
34182.6	34100	0
34384.7	34200	0
34385.6	34300	13032
34412.8	34400	41992
34500.6	34500	20272
34635.6	34600	79640
34803.8	34700	0
34804.6	34800	0
35037.7	34900	49232
35037.7	35000	0
35300.6	35100	59368
35300.6	35200	0
35300.7	35300	0
35524.7	35400	34752
35524.7	35500	0
35601.7	35600	55024
35828.7	35700	14480
35828.7	35800	0
36032.8	35900	0
36032.8	36000	0
36107.6	36100	44888
36371.7	36200	20272
36372.1	36300	0
36401.7	36400	31856
36684.7	36500	28960
36684.7	36600	0
36701.6	36700	26064
36800.7	36800	41992
36903.7	36900	89776
37000.9	37000	104256
37226.8	37100	24616
37226.8	37200	0
37431.8	37300	0
37431.8	37400	0
37634.8	37500	31856
37634.8	37600	0
37894.7	37700	41992
37894.7	37800	0
37902.7	37900	0
38005.7	38000	102808
38101.6	38100	104256
38320.8	38200	14480
38320.8	38300	0
38526.7	38400	0
38526.8	38500	0
38600.7	38600	78192
38832.8	38700	20272
38832.9	38800	0
39038.7	38900	0
39039.7	39000	0
39100.6	39100	83984
39332.9	39200	18824
39332.9	39300	0
39533.7	39400	0
39534.7	39500	0
39737.7	39600	49232
39737.8	39700	0
39943.7	39800	4344
39943.8	39900	1448
40001.7	40000	86880
40100.6	40100	88328
40379.8	40200	75296
40379.9	40300	0
40584.1	40400	0
40584.1	40500	0
40608.8	40600	8688
40700.7	40700	98464
40801.7	40800	107152
41031.8	40900	30408
41032.1	41000	0
41239.9	41100	0
41240	41200	0
41693	41300	41992
41693.1	41400	0
41707.8	41500	2896
41707.9	41600	1448
41722.9	41700	1448
41802.7	41800	95568
42043.9	41900	34752
42044.7	42000	0
42100.7	42100	83984
42310.9	42200	1448
42310.9	42300	0
42517.9	42400	0
42517.9	42500	0
42602.9	42600	88328
42829.8	42700	13032
42829.8	42800	0
43032.9	42900	0
43033	43000	0
43100.7	43100	78192
43240.8	43200	99912
43403.8	43300	0
43403.9	43400	0
43654.9	43500	75296
43655	43600	0
43858.8	43700	0
43858.9	43800	0
43905.8	43900	72400
44154.8	44000	24616
44155.8	44100	0
44361.9	44200	0
44362	44300	0
44406.8	44400	59368
44670.8	44500	28960
44670.9	44600	0
44703.8	44700	55024
44947.9	44800	20272
44947.9	44900	0
45150.8	45000	0
45151.8	45100	0
45354.9	45200	31856
45354.9	45300	0
45606.9	45400	24616
45607.9	45500	0
45607.9	45600	0
45712.9	45700	21720
45928.9	45800	7240
45929	45900	0
46004.8	46000	55024
46101.8	46100	101360
46230.8	46200	102808
46398.9	46300	0
46400	46400	0
46605.8	46500	0
46606.9	46600	0
46863.9	46700	70952
46864.9	46800	0
47086.9	46900	52128
47087	47000	0
47102.9	47100	0
47374.9	47200	33304
47375.1	47300	0
47579.9	47400	0
47580.9	47500	0
47601.9	47600	10136
47710.8	47700	68056
47943	47800	30408
47943	47900	0
48147	48000	0
48147.1	48100	0
48205.9	48200	76744
48422	48300	4344
48422	48400	0
48622.9	48500	0
48623.9	48600	1448
48867	48700	60816
48867	48800	0
49073	48900	0
49073.1	49000	0
49105	49100	56472
49355.9	49200	11584
49356.9	49300	1448
49401.9	49400	36200
49676	49500	44888
49676	49600	0
49881	49700	0
49881.1	49800	0
49901.9	49900	21720
50000.8	50000	33304
50252	50100	23168
50252	50200	0
50689.1	50300	33304
50689.1	50400	0
50689.2	50500	0
50690	50600	0
50710.9	50700	1448
50972	50800	31856
50972.1	50900	0
51015.9	51000	26064
51102.9	51100	14480
51220.9	51200	30408
51400	51300	0
51400	51400	0
52158	51500	17376
52158.1	51600	1448
52173	51700	8688
52193.9	51800	1448
52217.9	51900	1448
52227.9	52000	1448
52259	52100	1448
52259	52200	1448
52330.1	52300	4344
52587	52400	2896
52588	52500	0
52606	52600	0
52856	52700	13032
52856.1	52800	0
52920.9	52900	11584
53027	53000	8688
53121.9	53100	10136
53300	53200	0
53300	53300	0
53410	53400	18824
53508.9	53500	17376
53600	53600	20272
53706	53700	31856
53941	53800	15928
53941	53900	0
54146	54000	0
54146.1	54100	0
54205	54200	18824
54326	54300	11584
54413	54400	11584
54511	54500	20272
54617	54600	26064
54703.9	54700	34752
54811	54800	39096
54987	54900	0
55004	55000	1448
55111	55100	30408
