0	0	1
119.02	100	65160
205.024	200	65160
300.024	300	328696
400.995	400	360552
508.035	500	367792
602.698	600	382272
702.982	700	379376
800.976	800	363448
900.014	900	343176
1001.97	1000	382272
1100.99	1100	385168
1200.08	1200	357656
1305.04	1300	360552
1400	1400	363448
1506.07	1500	354760
1603.03	1600	350416
1700.01	1700	372136
1801	1800	386616
1900	1900	372136
2000.11	2000	364896
2100.02	2100	375032
2201.16	2200	382272
2302.01	2300	346072
2400.06	2400	388064
2501.01	2500	367792
2600.04	2600	375032
2700.01	2700	356208
2800.03	2800	351864
2900.03	2900	369240
3000	3000	362000
3100.01	3100	353312
3200.08	3200	383720
3300.03	3300	370688
3400.1	3400	354760
3500.2	3500	362000
3601.02	3600	375032
3701.01	3700	377928
3800.05	3800	348968
3900.16	3900	373584
4000.31	4000	370688
4107.18	4100	366344
4200.53	4200	364896
4300.11	4300	351864
4400.06	4400	347520
4501.08	4500	343176
4600.09	4600	362000
4700.03	4700	377928
4800.08	4800	346072
4900.06	4900	375032
5000.08	5000	354760
5100.11	5100	357656
5200.05	5200	324352
5306.12	5300	376480
5409.12	5400	363448
5503.11	5500	343176
5600.06	5600	364896
5701.05	5700	369240
5801.11	5800	364896
5900.06	5900	354760
6006.18	6000	348968
6101.13	6100	359104
6203.11	6200	331592
6300.14	6300	370688
6400.1	6400	325800
6500.11	6500	372136
6603.11	6600	321456
6702.07	6700	359104
6800.13	6800	311320
6903.15	6900	422816
7000.15	7000	354760
7100.09	7100	333040
7200.63	7200	343176
7308.13	7300	343176
7400.16	7400	347520
7500.21	7500	337384
7600.06	7600	350416
7700.11	7700	346072
7800.15	7800	344624
7906.18	7900	335936
8000.1	8000	327248
8100.14	8100	357656
8202.11	8200	353312
8301.17	8300	330144
8409.19	8400	330144
8509.3	8500	222992
8601.17	8600	176656
8724.14	8700	63712
8833.15	8800	10136
8928.16	8900	1448
9045.19	9000	0
9105.16	9100	127424
9200.13	9200	308424
9300.23	9300	320008
9400.18	9400	337384
9504.15	9500	325800
9600.17	9600	301184
9700.43	9700	330144
9803.26	9800	357656
9908.18	9900	334488
10002.3	10000	288152
10106.2	10100	124528
10210.3	10200	34752
10300.2	10300	141904
10401.2	10400	328696
10502.3	10500	324352
10604.2	10600	337384
10706.2	10700	328696
10801.2	10800	312768
10902.3	10900	327248
11001.2	11000	333040
11101.2	11100	288152
11200.2	11200	344624
11300.2	11300	278016
11402.2	11400	322904
11501.2	11500	291048
11600.3	11600	282360
11707.3	11700	276568
11800.3	11800	286704
11904.2	11900	337384
12000.2	12000	293944
12101.3	12100	292496
12200.2	12200	275120
12303.2	12300	291048
12407.2	12400	289600
12500.2	12500	305528
12600.2	12600	288152
12700.2	12700	308424
12803.3	12800	304080
12903.3	12900	309872
13001.4	13000	285256
13100.2	13100	308424
13201.3	13200	298288
13300.2	13300	272224
13400.2	13400	278016
13514.2	13500	314216
13614.3	13600	181000
13714.3	13700	202720
13800.2	13800	144800
13900.2	13900	275120
14002.2	14000	254848
14103.2	14100	273672
14201.2	14200	264984
14300.3	14300	273672
14400.2	14400	286704
14501.3	14500	266432
14600.3	14600	260640
14700.2	14700	280912
14801.2	14800	260640
14900.3	14900	254848
15002.4	15000	276568
15101.4	15100	286704
15200.2	15200	283808
15301.3	15300	260640
15400.3	15400	237472
15503.3	15500	236024
15600.3	15600	269328
15700.3	15700	237472
15801.3	15800	249056
15901.3	15900	231680
16000.3	16000	246160
16100.3	16100	237472
16200.7	16200	250504
16300.3	16300	236024
16401.2	16400	272224
16500.3	16500	233128
16600.3	16600	254848
16700.3	16700	246160
16800.4	16800	240368
16908.3	16900	251952
17000.4	17000	237472
17104.4	17100	234576
17200.3	17200	237472
17308.3	17300	253400
17400.2	17400	211408
17500.3	17500	228784
17604.4	17600	222992
17703.3	17700	208512
17804.4	17800	249056
17901.3	17900	228784
18003.4	18000	222992
18100.4	18100	222992
18206.4	18200	225888
18308.4	18300	211408
18400.3	18400	240368
18500.5	18500	222992
18608.4	18600	214304
18700.3	18700	173760
18800.3	18800	246160
18938.4	18900	241816
19024.4	19000	134664
19115.4	19100	167968
19200.4	19200	154936
19300.3	19300	211408
19400.4	19400	176656
19500.3	19500	202720
19600.4	19600	188240
19701.5	19700	199824
19801.4	19800	188240
19901.3	19900	170864
20000.5	20000	191136
20101.3	20100	185344
20204.4	20200	194032
20304.3	20300	150592
20409.4	20400	34752
20508.3	20500	40544
20600.4	20600	185344
20704.4	20700	196928
20806.4	20800	220096
20900.4	20900	191136
21004.4	21000	176656
21108.4	21100	188240
21209.5	21200	167968
21300.4	21300	188240
21575.5	21400	130320
21575.5	21500	0
21601.4	21600	81088
21700.8	21700	181000
21800.6	21800	173760
21900.5	21900	167968
22001.4	22000	170864
22107.4	22100	185344
22207.4	22200	173760
22308.4	22300	170864
22403.4	22400	170864
22502.4	22500	188240
22746.4	22600	59368
22746.5	22700	0
22950.4	22800	0
22950.5	22900	0
23000.4	23000	114392
23101.5	23100	176656
23200.4	23200	167968
23300.4	23300	185344
23401.5	23400	167968
23500.4	23500	159280
23600.6	23600	170864
23849.6	23700	68056
23849.7	23800	0
23900.4	23900	110048
24011.5	24000	175208
24108.6	24100	118736
24202.5	24200	123080
24301.5	24300	139008
24400.4	24400	179552
24503.4	24500	156384
24602.4	24600	153488
24703.5	24700	141904
24801.4	24800	185344
24900.4	24900	162176
25001.4	25000	173760
25101.4	25100	176656
25201.4	25200	167968
25300.4	25300	165072
25400.4	25400	167968
25504.5	25500	144800
25601.5	25600	147696
25700.4	25700	165072
25807.5	25800	159280
25900.4	25900	141904
26000.4	26000	153488
26102.4	26100	147696
26203.5	26200	144800
26302.5	26300	136112
26400.7	26400	144800
26501.5	26500	167968
26604.5	26600	144800
26700.4	26700	150592
26800.5	26800	147696
26902.5	26900	167968
27002.5	27000	144800
27104.5	27100	147696
27203.5	27200	144800
27304.5	27300	150592
27406.5	27400	136112
27502.5	27500	141904
27604.5	27600	141904
27700.4	27700	130320
27801.5	27800	139008
27901.5	27900	141904
28003.5	28000	136112
28106.6	28100	136112
28201.5	28200	133216
28304.5	28300	124528
28400.6	28400	139008
28502.5	28500	136112
28605.6	28600	136112
28700.6	28700	115840
28808.6	28800	153488
28903.6	28900	112944
29029.5	29000	165072
29120.6	29100	98464
29200.6	29200	88328
29301.5	29300	133216
29400.6	29400	133216
29664.6	29500	81088
29664.6	29600	0
29701.6	29700	78192
29801.5	29800	115840
30033.5	29900	30408
30034.5	30000	0
30240.6	30100	0
30240.7	30200	0
30329.6	30300	94120
30499.6	30400	0
30500.6	30500	0
30751.7	30600	85432
30751.7	30700	0
30957.7	30800	0
30957.8	30900	0
31001.5	31000	88328
31287.7	31100	95568
31288.6	31200	0
31493.7	31300	0
31494.6	31400	0
31500.6	31500	1448
31791.7	31600	124528
31791.7	31700	0
31996.7	31800	0
31996.7	31900	0
32000.6	32000	0
32221.6	32100	13032
32221.7	32200	0
32452.7	32300	75296
32452.7	32400	0
32657.7	32500	0
32657.7	32600	0
32701.5	32700	65160
32810.6	32800	104256
32924.6	32900	85432
33090.7	33000	0
33105.6	33100	1448
33200.6	33200	127424
33302.6	33300	110048
33509.7	33400	1448
33509.7	33500	0
33600.6	33600	111496
33871.7	33700	63712
33871.8	33800	0
34072.7	33900	0
34072.8	34000	0
34101.6	34100	82536
34367.7	34200	63712
34367.8	34300	0
34573.7	34400	0
34573.7	34500	0
34607.6	34600	8688
34707.6	34700	57920
34800.6	34800	34752
35027.6	34900	49232
35048.7	35000	0
35254.7	35100	0
35255.6	35200	0
35303.6	35300	66608
35523.7	35400	20272
35524.7	35500	0
35751.7	35600	44888
35752.7	35700	0
35844.6	35800	75296
36004.7	35900	0
36004.8	36000	0
36210.8	36100	0
36210.8	36200	0
36472.7	36300	97016
36472.7	36400	0
36676.7	36500	0
36676.8	36600	0
36700.7	36700	8688
36807.7	36800	153488
37045.7	36900	33304
37045.7	37000	0
37275.8	37100	53576
37275.8	37200	0
37300.7	37300	47784
37508.7	37400	8688
37509.7	37500	0
37713.8	37600	0
37713.8	37700	0
37829.7	37800	139008
38001.9	37900	0
38001.9	38000	0
38100.7	38100	134664
38388.7	38200	83984
38389.8	38300	0
38593.8	38400	0
38593.8	38500	0
38812.9	38600	39096
38812.9	38700	0
38813	38800	36200
39049.8	38900	44888
39049.8	39000	0
39253.8	39100	0
39253.8	39200	0
39459.8	39300	28960
39459.9	39400	0
39695.8	39500	55024
39696.7	39600	0
39902.8	39700	0
39902.9	39800	0
39902.9	39900	0
40118.8	40000	11584
40118.9	40100	20272
40364.9	40200	73848
40364.9	40300	0
40608.9	40400	53576
40609	40500	0
40609	40600	0
40900.8	40700	110048
40900.8	40800	0
40900.9	40900	0
41138.8	41000	63712
41138.8	41100	0
41344.9	41200	0
41345	41300	0
41567	41400	10136
41567	41500	0
41773	41600	0
41773.1	41700	0
41998.8	41800	95568
41998.9	41900	0
42000.8	42000	0
42204.8	42100	0
42205.8	42200	0
42300.8	42300	120184
42439.7	42400	94120
42598.9	42500	0
42600.8	42600	0
42728.8	42700	104256
42891.8	42800	0
42905.8	42900	1448
43000.7	43000	131768
43102.7	43100	110048
43203.8	43200	68056
43368.9	43300	0
43590.9	43400	41992
43591	43500	0
43796.9	43600	0
43797	43700	0
43800.8	43800	0
44058.9	43900	81088
44058.9	44000	0
44263.8	44100	0
44263.9	44200	0
44307.8	44300	50680
44507	44400	0
44507	44500	0
44602.8	44600	121632
44701.8	44700	95568
44806.8	44800	110048
45065.9	44900	56472
45066	45000	0
45269.9	45100	0
45270	45200	0
45302	45300	81088
45564	45400	65160
45564	45500	0
45767.9	45600	0
45767.9	45700	0
45801.9	45800	73848
46258	45900	14480
46258.1	46000	0
46272.9	46100	1448
46273.9	46200	0
46482	46300	1448
46482.9	46400	0
46686.9	46500	0
46687	46600	0
46701.9	46700	18824
46804	46800	137560
47021	46900	14480
47021.1	47000	0
47222	47100	0
47222	47200	0
47301.9	47300	125976
47596.9	47400	89776
47596.9	47500	0
47600.9	47600	0
