0	0	1
280.055	100	104256
280.152	200	0
485.122	300	0
485.228	400	0
502.011	500	24616
730.147	600	47784
730.232	700	0
930.092	800	0
930.195	900	0
1001.01	1000	102808
1100.02	1100	111496
1200.09	1200	102808
1300	1300	110048
1420.15	1400	79640
1577.05	1500	0
1783.08	1600	0
1783.15	1700	0
1800.01	1800	40544
1901.02	1900	89776
2001.07	2000	117288
2109.05	2100	121632
2200.02	2200	114392
2302.05	2300	111496
2400.09	2400	117288
2504.05	2500	117288
2753.08	2600	49232
2753.14	2700	0
2956.11	2800	0
2956.21	2900	0
3003.05	3000	98464
3103.1	3100	123080
3202.05	3200	101360
3308.1	3300	124528
3400.07	3400	117288
3511.09	3500	127424
3601.03	3600	133216
3700.11	3700	118736
3840.11	3800	124528
3995.12	3900	0
4201.15	4000	0
4202.1	4100	0
4202.15	4200	0
4301.19	4300	173760
4402.12	4400	128872
4501.05	4500	149144
4601.19	4600	130320
4700.15	4700	133216
4806.18	4800	121632
4900.14	4900	139008
5001.05	5000	137560
5107.15	5100	130320
5201.14	5200	154936
5301.15	5300	149144
5400.14	5400	152040
5512.17	5500	128872
5609.17	5600	146248
5706.12	5700	162176
5802.16	5800	146248
5902.16	5900	147696
6002.13	6000	143352
6100.09	6100	152040
6201.16	6200	147696
6301.17	6300	159280
6405.19	6400	147696
6501.08	6500	159280
6605.19	6600	150592
6700.17	6700	149144
6805.65	6800	150592
6902.21	6900	163624
7006.14	7000	154936
7100.16	7100	175208
7200.22	7200	159280
7301.18	7300	173760
7400.19	7400	175208
7507.21	7500	160728
7600.1	7600	175208
7700.14	7700	167968
7801.16	7800	157832
7901.19	7900	165072
8000.12	8000	91224
8101.12	8100	253400
8201.21	8200	157832
8303.26	8300	134664
8428.23	8400	175208
8500.19	8500	123080
8601.11	8600	167968
8701.22	8700	185344
8804.3	8800	162176
8909.23	8900	179552
9000.14	9000	191136
9105.24	9100	159280
9200.23	9200	182448
9300.17	9300	176656
9408.25	9400	188240
9634.32	9500	41992
9635.83	9600	0
9700.38	9700	185344
9807.25	9800	176656
9900.3	9900	186792
10000.2	10000	165072
10102.2	10100	176656
10200.1	10200	188240
10301.3	10300	179552
10400.2	10400	191136
10500.2	10500	194032
10607.3	10600	199824
10701.3	10700	188240
10804.2	10800	221544
10900.3	10900	179552
11003.2	11000	218648
11100.3	11100	179552
11200.3	11200	188240
11306.3	11300	196928
11403.3	11400	185344
11511.3	11500	128872
11669.2	11600	0
11705.3	11700	133216
11805.3	11800	185344
11907.2	11900	194032
12003.2	12000	195480
12105.3	12100	211408
12200.3	12200	224440
12300.2	12300	225888
12400.2	12400	218648
12500.3	12500	231680
12600.3	12600	238920
12700.3	12700	220096
12806.4	12800	240368
12902.4	12900	227336
13000.3	13000	215752
13101.3	13100	227336
13200.3	13200	243264
13301.2	13300	204168
13401.2	13400	209960
13500.3	13500	217200
13602.3	13600	221544
13700.3	13700	251952
13801.3	13800	269328
13905.3	13900	243264
14008.2	14000	240368
14101.3	14100	263536
14200.3	14200	269328
14308.3	14300	243264
14400.3	14400	243264
14500.3	14500	247608
14600.3	14600	237472
14700.3	14700	257744
14813.4	14800	225888
14904.4	14900	227336
15006.4	15000	237472
15101.3	15100	275120
15200.2	15200	254848
15301.3	15300	240368
15401.3	15400	264984
15501.4	15500	280912
15601.4	15600	273672
15700.3	15700	254848
15800.3	15800	282360
15901.4	15900	270776
16000.3	16000	269328
16101.3	16100	234576
16200.4	16200	267880
16300.3	16300	243264
16400.5	16400	272224
16500.4	16500	260640
16600.4	16600	269328
16700.3	16700	292496
16801.4	16800	260640
16900.5	16900	282360
17000.3	17000	289600
17101.4	17100	286704
17204.4	17200	286704
17303.3	17300	288152
17406.4	17400	288152
17500.4	17500	282360
17600.4	17600	304080
17700.4	17700	296840
17800.3	17800	238920
17901.4	17900	311320
18000.5	18000	292496
18100.4	18100	321456
18200.4	18200	291048
18306.4	18300	301184
18401.4	18400	224440
18526.5	18500	356208
18615.4	18600	264984
18707.4	18700	225888
18800.4	18800	305528
18900.4	18900	333040
19001.5	19000	283808
19101.5	19100	315664
19201.5	19200	306976
19300.4	19300	324352
19408.4	19400	301184
19500.4	19500	320008
19605.4	19600	347520
19700.4	19700	321456
19803.4	19800	344624
19901.4	19900	353312
20005.4	20000	280912
20102.4	20100	347520
20200.7	20200	306976
20301.4	20300	341728
20400.4	20400	309872
20500.4	20500	359104
20600.4	20600	333040
20705.4	20700	338832
20800.4	20800	348968
20908.4	20900	344624
21001.4	21000	318560
21100.4	21100	359104
21201.4	21200	362000
21301.4	21300	350416
21400.4	21400	356208
21501.4	21500	341728
21601.4	21600	347520
21701.4	21700	350416
21800.4	21800	338832
21900.4	21900	353312
22000.4	22000	321456
22101.4	22100	363448
22204.5	22200	335936
22300.4	22300	373584
22400.5	22400	359104
22501.5	22500	335936
22600.4	22600	359104
22708.5	22700	348968
22800.5	22800	359104
22900.4	22900	362000
23006.5	23000	347520
23241.5	23100	121632
23243.5	23200	0
23301.6	23300	198376
23427.5	23400	405440
23516.5	23500	301184
23610.5	23600	251952
23724.5	23700	324352
23800.5	23800	254848
23901.6	23900	373584
24000.5	24000	353312
24100.5	24100	338832
24200.4	24200	379376
24308.5	24300	359104
24400.5	24400	359104
24500.5	24500	341728
24600.4	24600	370688
24700.6	24700	362000
24800.6	24800	350416
24900.6	24900	362000
25001.6	25000	353312
25100.5	25100	353312
25202.6	25200	353312
25301.5	25300	367792
25400.5	25400	385168
25500.4	25500	364896
25600.4	25600	373584
25710.5	25700	382272
25800.5	25800	359104
25902.6	25900	376480
26000.5	26000	362000
26101.6	26100	362000
26200.6	26200	353312
26300.6	26300	367792
26400.5	26400	362000
26500.5	26500	385168
26603.5	26600	341728
26700.5	26700	388064
26800.6	26800	354760
26903.7	26900	344624
27000.7	27000	393856
27101.5	27100	379376
27200.5	27200	379376
27300.6	27300	353312
27400.6	27400	385168
27500.5	27500	382272
27600.5	27600	379376
27705.6	27700	350416
27801.6	27800	359104
27900.5	27900	382272
28004.6	28000	335936
28100.5	28100	393856
28200.9	28200	350416
28301.5	28300	350416
28418.6	28400	418472
28511.6	28500	324352
28612.6	28600	388064
28701.6	28700	360552
28826.6	28800	474944
28900.5	28900	278016
29001.6	29000	338832
29100.6	29100	272224
29201.6	29200	476392
29301.6	29300	359104
29400.3	29400	382272
29500.6	29500	370688
29600.6	29600	376480
29701	29700	370688
29800.6	29800	376480
29900.2	29900	373584
30000.6	30000	373584
30106.6	30100	370688
30200.6	30200	382272
30300.6	30300	353312
30404.6	30400	364896
30500.6	30500	385168
30600.6	30600	367792
30700.6	30700	385168
30806.7	30800	362000
30901.1	30900	376480
31000.7	31000	370688
31105.6	31100	379376
31200.7	31200	376480
31300.6	31300	382272
31400.6	31400	356208
31500.6	31500	350416
31747.6	31600	152040
31749.6	31700	0
31800.7	31800	0
31908.7	31900	624088
32001.7	32000	370688
32101.2	32100	370688
32200.7	32200	373584
32300.7	32300	373584
32405.7	32400	370688
32500.6	32500	373584
32600.7	32600	341728
32700.6	32700	382272
32800.6	32800	333040
32900.7	32900	390960
33000.6	33000	364896
33100.6	33100	350416
33200.7	33200	370688
33301.7	33300	379376
33400.7	33400	350416
33500.8	33500	396752
33600.7	33600	385168
33703.8	33700	318560
33800.6	33800	411232
33908.8	33900	373584
34000.7	34000	376480
34101.6	34100	379376
34201.7	34200	356208
34300.7	34300	370688
34401.7	34400	370688
34500.6	34500	393856
34600.7	34600	370688
34704.7	34700	362000
34800.8	34800	393856
34900.6	34900	373584
35000.8	35000	373584
35100.6	35100	359104
35200.8	35200	356208
35300.7	35300	388064
35400.7	35400	335936
35500.7	35500	405440
35608.7	35600	367792
35701.7	35700	333040
35801.7	35800	385168
35908.8	35900	370688
36000.7	36000	350416
36100.6	36100	385168
36200.7	36200	353312
36300.7	36300	373584
36400.8	36400	364896
36501.8	36500	390960
36600.7	36600	347520
36705.8	36700	353312
36801.8	36800	359104
36909.7	36900	390960
37000.8	37000	350416
37100.8	37100	347520
37200.7	37200	350416
37309.7	37300	390960
37400.7	37400	362000
37501.8	37500	370688
37600.9	37600	382272
37701.8	37700	376480
37802.8	37800	376480
37900.7	37900	367792
38000.8	38000	347520
38100.7	38100	408336
38200.7	38200	362000
38301.8	38300	379376
38400.7	38400	359104
38511.8	38500	412680
38619.8	38600	312768
38715.8	38700	375032
38805.8	38800	327248
38900.7	38900	338832
39002.8	39000	363448
39108.9	39100	389512
39200.8	39200	367792
39300.8	39300	373584
39404.7	39400	347520
39503.8	39500	364896
39601.8	39600	347520
39701.9	39700	372136
39800.8	39800	362000
39900.8	39900	364896
40000.7	40000	359104
40100	40100	364896
40200.8	40200	353312
40301.8	40300	393856
40400.8	40400	382272
40500.9	40500	335936
40607.9	40600	388064
