0	0	1
293.068	100	130320
293.111	200	0
498.083	300	0
498.127	400	0
500.023	500	0
777.128	600	79640
777.174	700	0
979.954	800	0
980.009	900	0
1000.88	1000	0
1462.12	1100	146248
1462.21	1200	0
1462.22	1300	0
1462.95	1400	0
1501.06	1500	39096
1802.05	1600	136112
1802.07	1700	0
1802.11	1800	0
2005.04	1900	0
2005.06	2000	0
2102.94	2100	154936
2319	2200	5792
2319.05	2300	0
2427.95	2400	110048
2596.04	2500	0
2800.11	2600	0
2800.17	2700	0
2801	2800	0
2901.92	2900	101360
3002.01	3000	112944
3103.02	3100	115840
3221.98	3200	82536
3381.97	3300	0
3404.96	3400	1448
3502.05	3500	124528
3610.96	3600	130320
3700.92	3700	112944
3961.11	3800	62264
3961.13	3900	0
4002.98	4000	59368
4101.1	4100	117288
4383.01	4200	98464
4383.04	4300	0
4400.05	4400	31856
4522.96	4500	95568
4684.1	4600	0
4700.99	4700	30408
4800.99	4800	82536
4911.99	4900	99912
5001.11	5000	98464
5100.02	5100	139008
5200	5200	144800
5300.03	5300	140456
5553.04	5400	69504
5553.1	5500	0
5600.09	5600	81088
5701.96	5700	149144
5806.2	5800	134664
6020.06	5900	18824
6020.13	6000	0
6102.1	6100	140456
6201.11	6200	137560
6301.14	6300	143352
6408.02	6400	162176
6500.07	6500	128872
6600.06	6600	160728
6700.58	6700	157832
6801.14	6800	154936
6900.99	6900	186792
7002.09	7000	173760
7101	7100	166520
7201.06	7200	169416
7301.1	7300	169416
7400.06	7400	140456
7504.2	7500	159280
7600.12	7600	163624
7701	7700	163624
7806.1	7800	169416
7902.08	7900	163624
8117.15	8000	24616
8117.22	8100	0
8200.18	8200	179552
8300.09	8300	170864
8401.24	8400	167968
8503.09	8500	169416
8602.13	8600	169416
8700.22	8700	162176
8824.22	8800	202720
8914.3	8900	141904
9004.21	9000	112944
9104.15	9100	175208
9209.06	9200	201272
9300.18	9300	188240
9423.23	9400	154936
9590.3	9500	0
9601.21	9600	0
9702.26	9700	260640
9801.16	9800	173760
9904.2	9900	165072
10006.1	10000	179552
10100.3	10100	167968
10345.2	10200	63712
10345.2	10300	0
10400.2	10400	139008
10503.2	10500	199824
10600.3	10600	208512
10701.3	10700	208512
10803.2	10800	185344
10903.1	10900	191136
11000.2	11000	194032
11108.1	11100	176656
11202.2	11200	196928
11301.2	11300	188240
11407.3	11400	191136
11500.3	11500	188240
11603.3	11600	196928
11700.1	11700	191136
11800.2	11800	209960
11900.2	11900	217200
12000.1	12000	234576
12100.2	12100	220096
12201.1	12200	217200
12301.2	12300	228784
12407.2	12400	237472
12507.2	12500	222992
12601.2	12600	236024
12701.2	12700	222992
12800.3	12800	220096
12901.2	12900	231680
13000.1	13000	231680
13100.2	13100	222992
13204.4	13200	234576
13306.2	13300	228784
13401.3	13400	256296
13501.3	13500	249056
13600.3	13600	241816
13705.1	13700	237472
13800.1	13800	225888
13914.2	13900	272224
14014.2	14000	222992
14123.2	14100	215752
14203.2	14200	146248
14300.3	14300	273672
14407.2	14400	257744
14501.3	14500	270776
14600.2	14600	249056
14703.3	14700	237472
14800.3	14800	263536
14902.3	14900	250504
15001.2	15000	237472
15100.4	15100	285256
15200.1	15200	283808
15302.3	15300	254848
15406.3	15400	279464
15500.3	15500	263536
15601.4	15600	249056
15700.2	15700	266432
15801.4	15800	275120
15901.2	15900	279464
16000.4	16000	272224
16107.2	16100	288152
16206.3	16200	259192
16300.2	16300	291048
16403.3	16400	276568
16501.2	16500	301184
16600.3	16600	275120
16701.4	16700	266432
16800.4	16800	327248
16901.3	16900	275120
17002.3	17000	283808
17101.3	17100	286704
17200.2	17200	301184
17302.3	17300	279464
17401.4	17400	315664
17504.3	17500	348968
17600.3	17600	279464
17700.2	17700	304080
17800.3	17800	292496
17908.4	17900	275120
18000.4	18000	341728
18100.3	18100	295392
18206.4	18200	315664
18303.5	18300	295392
18401.4	18400	312768
18500.3	18500	315664
18602.5	18600	314216
18701.2	18700	333040
18800.5	18800	317112
18919.4	18900	389512
19008.4	19000	302632
19126.3	19100	243264
19214.4	19200	299736
19300.4	19300	275120
19400.4	19400	309872
19500.4	19500	309872
19601.5	19600	366344
19703.3	19700	315664
19803.3	19800	315664
19900.4	19900	335936
20003.2	20000	318560
20100.2	20100	344624
20202.3	20200	321456
20308.4	20300	353312
20408.3	20400	344624
20504.3	20500	330144
20601.4	20600	364896
20707.3	20700	362000
20802.3	20800	338832
20901.3	20900	370688
21007.3	21000	309872
21100.3	21100	330144
21200.3	21200	362000
21300.5	21300	354760
21408.4	21400	347520
21500.4	21500	338832
21605.4	21600	353312
21701.3	21700	353312
21806.3	21800	330144
21907.4	21900	367792
22001.3	22000	379376
22102.3	22100	335936
22200.4	22200	367792
22301.3	22300	356208
22402.4	22400	324352
22500.4	22500	356208
22600.3	22600	385168
22701.3	22700	344624
22801.3	22800	362000
22900.3	22900	353312
23000.6	23000	338832
23100.4	23100	370688
23201.4	23200	347520
23300.3	23300	362000
23400.5	23400	353312
23503.6	23500	341728
23600.3	23600	399648
23700.3	23700	364896
23801.3	23800	356208
23901.4	23900	286704
24028.4	24000	492320
24118.4	24100	291048
24216.4	24200	337384
24304.5	24300	327248
24400.3	24400	335936
24500.4	24500	370688
24604.4	24600	335936
24702.4	24700	363448
24801.3	24800	388064
24900.4	24900	373584
25000.6	25000	167968
25106.4	25100	551688
25200.3	25200	369240
25306.5	25300	354760
25400.5	25400	372136
25501.3	25500	388064
25600.5	25600	354760
25700.4	25700	375032
25806.5	25800	369240
25908.5	25900	392408
26001.5	26000	363448
26100.6	26100	348968
26209.4	26200	389512
26301.5	26300	347520
26401.4	26400	367792
26500.4	26500	360552
26601.5	26600	385168
26700.4	26700	362000
26800.5	26800	373584
26900.5	26900	359104
27000.7	27000	363448
27100.4	27100	372136
27201.5	27200	363448
27301.4	27300	373584
27400.5	27400	353312
27502.5	27500	351864
27601.5	27600	393856
27700.5	27700	366344
27801.5	27800	367792
27901.6	27900	363448
28001.4	28000	373584
28100.4	28100	367792
28200.5	28200	140456
28300.4	28300	586440
28401.4	28400	357656
28509.5	28500	376480
28600.5	28600	344624
28701.5	28700	373584
28800.4	28800	357656
28901.5	28900	382272
29004.5	29000	383720
29108.5	29100	285256
29202.5	29200	320008
29319.5	29300	453224
29413.5	29400	337384
29502.5	29500	309872
29601.5	29600	366344
29704.5	29700	346072
29800.4	29800	379376
29901.5	29900	370688
30001.5	30000	380824
30100.5	30100	356208
30342.5	30200	125976
30344.5	30300	0
30400.6	30400	233128
30502.6	30500	422816
30600.6	30600	364896
30708.4	30700	403992
30801.5	30800	309872
30900.4	30900	383720
31000.5	31000	348968
31100.5	31100	377928
31201.2	31200	377928
31300.5	31300	357656
31401.5	31400	330144
31501.5	31500	388064
31600.5	31600	372136
31701.5	31700	351864
31800.5	31800	357656
31906.5	31900	386616
32000.5	32000	334488
32100.5	32100	375032
32200.5	32200	364896
32301.5	32300	356208
32400.6	32400	367792
32501.6	32500	385168
32600.5	32600	362000
32701.6	32700	373584
32805.5	32800	351864
32904.5	32900	353312
33006.5	33000	383720
33101.5	33100	348968
33201.2	33200	372136
33305.6	33300	351864
33400.5	33400	366344
33501.6	33500	366344
33600.6	33600	351864
33701.6	33700	388064
33801.5	33800	356208
33900.6	33900	367792
34038.6	34000	487976
34129.8	34100	351864
34219.6	34200	337384
34329.6	34300	320008
34424.7	34400	376480
34517.6	34500	266432
34600.6	34600	293944
34700.5	34700	419920
34806.7	34800	393856
34900.6	34900	351864
35014.6	35000	412680
35101.6	35100	322904
35200.6	35200	359104
35300.6	35300	377928
35401.5	35400	348968
35505.6	35500	382272
35606.7	35600	379376
35702.6	35700	343176
35801.6	35800	396752
35907.6	35900	369240
36000.6	36000	366344
36107.6	36100	363448
36200.5	36200	375032
36300.6	36300	279464
36400.6	36400	469152
36500.6	36500	369240
36600.6	36600	347520
36701.6	36700	379376
36800.5	36800	372136
36901.8	36900	380824
37005.7	37000	376480
37100.6	37100	333040
37201.7	37200	386616
