0	0	1
106.328	100	65160
202.018	200	47784
300.959	300	593680
400	400	606712
500.033	500	606712
600.926	600	599472
700.073	700	587888
800.973	800	609608
900.044	900	605264
1000.05	1000	586440
1100.02	1100	405440
1200.99	1200	805088
1300.99	1300	608160
1400.08	1400	525624
1501.07	1500	603816
1600.05	1600	608160
1702.97	1700	613952
1800	1800	561824
1900.02	1900	613952
2000.02	2000	587888
2100.1	2100	580648
2200.07	2200	595128
2300	2300	587888
2400.06	2400	602368
2501.01	2500	375032
2605.01	2600	40544
2700.03	2700	891968
2800.05	2800	320008
2911.02	2900	309872
3000.03	3000	311320
3100.04	3100	626984
3201.04	3200	612504
3300	3300	584992
3400	3400	602368
3501.05	3500	608160
3601	3600	596576
3700.07	3700	602368
3800.03	3800	599472
3900.8	3900	587888
4000.01	4000	622640
4100.01	4100	531416
4200.02	4200	454672
4300	4300	476392
4401.01	4400	324352
4500.02	4500	427160
4600.13	4600	376480
4700.04	4700	298288
4801.1	4800	382272
4901.09	4900	477840
5001.06	5000	363448
5101.08	5100	298288
5200.01	5200	519832
5310.11	5300	602368
5400.02	5400	589336
5500.11	5500	602368
5600.14	5600	600920
5700.12	5700	544448
5800.04	5800	595128
5900.08	5900	603816
6028.08	6000	626984
6116.11	6100	435848
6206.07	6200	437296
6326.14	6300	577752
6400.06	6400	405440
6500.03	6500	596576
6600.12	6600	595128
6701.11	6700	608160
6800.07	6800	590784
6901.06	6900	611056
7000.09	7000	564720
7101.2	7100	595128
7200.08	7200	605264
7300.09	7300	596576
7400.09	7400	524176
7500.16	7500	324352
7600.24	7600	640016
7700.07	7700	608160
7800.35	7800	587888
7900.02	7900	598024
8000.01	8000	608160
8100.08	8100	587888
8200.13	8200	596576
8300.07	8300	613952
8400.13	8400	587888
8500.14	8500	611056
8600.09	8600	596576
8700.17	8700	587888
8800.14	8800	535760
8901.14	8900	250504
9001.15	9000	375032
9101.25	9100	306976
9201.21	9200	432952
9301.2	9300	474944
9400.12	9400	461912
9500.16	9500	434400
9600.16	9600	419920
9701.21	9700	408336
9802.22	9800	321456
9907.11	9900	241816
10000.1	10000	375032
10100.2	10100	393856
10200.1	10200	382272
10300.5	10300	379376
10400.1	10400	390960
10512.2	10500	427160
10606.2	10600	301184
10726.2	10700	434400
10821.1	10800	317112
10923.2	10900	306976
11012.2	11000	331592
11103.3	11100	337384
11200.1	11200	386616
11308.3	11300	379376
11400.2	11400	367792
11500.2	11500	506800
11601.3	11600	512592
11700.1	11700	521280
11800.1	11800	480736
11900.2	11900	511144
12000.2	12000	509696
12100.2	12100	584992
12200.2	12200	599472
12301.2	12300	608160
12400.2	12400	602368
12500.2	12500	608160
12600.3	12600	582096
12700.1	12700	611056
12801.2	12800	608160
12901.2	12900	593680
13000.2	13000	590784
13100.3	13100	608160
13200.2	13200	593680
13300.2	13300	611056
13400.2	13400	596576
13501.3	13500	593680
13600.1	13600	608160
13700.2	13700	602368
13800.2	13800	596576
13901.4	13900	509696
14000.2	14000	511144
14100.4	14100	390960
14200.1	14200	383720
14300.2	14300	382272
14401.3	14400	396752
14500.2	14500	364896
14600.3	14600	312768
14700.3	14700	409784
14800.6	14800	385168
14901.3	14900	390960
15000	15000	376480
15100.3	15100	182448
15200.2	15200	343176
15300.2	15300	519832
15400.4	15400	445984
15500.2	15500	447432
15600.5	15600	490872
15716.3	15700	380824
15806.3	15800	321456
15926	15900	312768
16026.3	16000	350416
16110.3	16100	301184
16201.2	16200	434400
16300.7	16300	525624
16400.3	16400	435848
16500.2	16500	289600
16600.3	16600	331592
16700.2	16700	382272
16800.2	16800	390960
16900.3	16900	388064
17001.3	17000	353312
17100.3	17100	275120
17201.2	17200	260640
17305.4	17300	295392
17400.4	17400	472048
17502.4	17500	385168
17600.4	17600	431504
17700.3	17700	472048
17800.3	17800	496664
17900.4	17900	486528
18001.4	18000	503904
18101.4	18100	509696
18200.3	18200	534312
18301.4	18300	541552
18400.3	18400	545896
18500.3	18500	637120
18600.5	18600	512592
18701.3	18700	642912
18801.3	18800	602368
18900.4	18900	596576
19000.3	19000	590784
19100.3	19100	602368
19200.4	19200	606712
19300.9	19300	584992
19400.5	19400	599472
19500.3	19500	561824
19600.3	19600	511144
19700.3	19700	521280
19805.3	19800	405440
19900.3	19900	337384
20000.2	20000	587888
20101.4	20100	609608
20200.3	20200	579200
20300.3	20300	602368
20400.4	20400	602368
20500.1	20500	602368
20600.3	20600	590784
20701.3	20700	590784
20800.9	20800	629880
20916.3	20900	619744
21006.4	21000	447432
21126.3	21100	584992
21216.4	21200	415576
21306.4	21300	459016
21437.4	21400	493768
21546.4	21500	55024
21600.3	21600	202720
21700.3	21700	463360
21803.3	21800	375032
21900.4	21900	170864
22000.3	22000	545896
22100.4	22100	388064
22200.4	22200	383720
22300.3	22300	385168
22400.4	22400	390960
22500.2	22500	379376
22601.4	22600	367792
22700.4	22700	443088
22801	22800	503904
22901.4	22900	524176
23000.2	23000	506800
23106.4	23100	537208
23200.4	23200	521280
23300.3	23300	638568
23400.4	23400	527072
23500.4	23500	521280
23601.4	23600	518384
23700.5	23700	515488
23800.4	23800	503904
23900.4	23900	518384
24000.3	24000	524176
24102.5	24100	390960
24202.5	24200	359104
24300.4	24300	390960
24400.6	24400	376480
24500.4	24500	396752
24601.5	24600	382272
24701.5	24700	382272
24800.4	24800	393856
24901.5	24900	388064
25002.5	25000	350416
25100.4	25100	251952
25200.5	25200	428608
25300.4	25300	521280
25401.6	25400	506800
25501.4	25500	408336
25600.4	25600	312768
25700.5	25700	419920
25800.4	25800	612504
25909.5	25900	608160
26006.6	26000	631328
26101.5	26100	508248
26201.5	26200	424264
26322.5	26300	550240
26411.5	26400	402544
26502.5	26500	445984
26600.4	26600	356208
26700.5	26700	592232
26801.1	26800	599472
26900.4	26900	605264
27000.5	27000	576304
27101.5	27100	515488
27204.6	27200	412680
27300.5	27300	388064
27401.5	27400	390960
27500.5	27500	362000
27600.4	27600	382272
27700.4	27700	390960
27801.4	27800	376480
27900.5	27900	356208
28000.4	28000	286704
28100.5	28100	240368
28200.5	28200	88328
28300.5	28300	301184
28400.4	28400	257744
28500.5	28500	350416
28600.5	28600	341728
28700.5	28700	356208
28801.5	28800	364896
28900.4	28900	359104
29000.4	29000	382272
29101.5	29100	396752
29200.4	29200	382272
29301.2	29300	388064
29400.5	29400	388064
29500.5	29500	321456
29602.5	29600	359104
29700.5	29700	321456
29800.5	29800	263536
29900.5	29900	263536
30005.5	30000	257744
30104.5	30100	254848
30201.5	30200	251952
30301.2	30300	257744
30400.6	30400	260640
30500.5	30500	266432
30600.6	30600	356208
30700.5	30700	396752
30801.3	30800	379376
30900.5	30900	390960
31000.6	31000	382272
31100.5	31100	385168
31200.4	31200	369240
31300.5	31300	359104
31427.6	31400	395304
31516.5	31500	243264
31607.5	31600	244712
31726.6	31700	317112
31801.3	31800	202720
31900.7	31900	181000
32000.5	32000	364896
32101.6	32100	266432
32200.6	32200	269328
32301.3	32300	269328
32407.1	32400	249056
32500.5	32500	301184
32600.6	32600	353312
32700.6	32700	356208
32800.5	32800	364896
32901.6	32900	362000
33000.5	33000	356208
33101.7	33100	362000
33201.7	33200	359104
33301.5	33300	364896
33401.6	33400	321456
33500.5	33500	298288
33600.5	33600	272224
33700.6	33700	266432
33801.5	33800	260640
33901.7	33900	140456
34000.6	34000	312768
34100.6	34100	272224
34200.7	34200	246160
34300.6	34300	385168
34400.6	34400	362000
34500.6	34500	367792
34601.6	34600	379376
34700.7	34700	385168
34800.6	34800	388064
34900.5	34900	390960
35002	35000	382272
35100.6	35100	388064
35201.7	35200	390960
35300.6	35300	382272
35400.7	35400	356208
35501.7	35500	367792
35600.6	35600	350416
35701.7	35700	359104
35800.6	35800	228784
35900.8	35900	69504
36000.6	36000	366344
36104.7	36100	220096
36200.6	36200	260640
36306.7	36300	330144
36416.7	36400	412680
36516.7	36500	350416
36606.7	36600	278016
36726.7	36700	373584
36806.7	36800	237472
36901.7	36900	356208
37001.8	37000	385168
37100.7	37100	388064
37200.7	37200	382272
37302.7	37300	396752
37400.7	37400	382272
37501.7	37500	382272
37600.7	37600	379376
37700.6	37700	338832
37800.7	37800	254848
37902.8	37900	82536
38001.7	38000	276568
38100.7	38100	205616
38200.7	38200	263536
38300.7	38300	272224
38401.7	38400	275120
38500.6	38500	266432
38600.7	38600	266432
38700.7	38700	275120
38800.9	38800	263536
38900.6	38900	278016
39001.7	39000	266432
39100.6	39100	260640
39201.7	39200	278016
39301.7	39300	266432
39400.7	39400	266432
39500.7	39500	269328
39602.8	39600	234576
39700.6	39700	208512
39800.7	39800	202720
39901.8	39900	205616
40000.8	40000	208512
40100.7	40100	202720
40200.8	40200	205616
40300.7	40300	208512
40401.8	40400	205616
40500.7	40500	208512
40601.8	40600	205616
40701.7	40700	205616
40800.7	40800	217200
40901.8	40900	269328
41000.7	41000	269328
41100.7	41100	269328
41201	41200	272224
41300.7	41300	382272
41400.8	41400	344624
41507.8	41500	364896
41600.8	41600	362000
41717.7	41700	380824
41806.8	41800	291048
41916.8	41900	338832
42000.7	42000	296840
42100.8	42100	367792
42201.8	42200	356208
42300.7	42300	318560
42400.9	42400	321456
42500.9	42500	330144
42601	42600	315664
42700.8	42700	367792
42800.8	42800	289600
42900.8	42900	272224
43000.7	43000	263536
43100.7	43100	272224
43201.8	43200	272224
43300.7	43300	269328
43400.8	43400	240368
43501.9	43500	272224
43600.7	43600	266432
43700.8	43700	237472
43801.7	43800	211408
43900.9	43900	220096
44000	44000	292496
44100.8	44100	269328
44200.8	44200	269328
44300.8	44300	257744
44401.8	44400	275120
44500.8	44500	269328
44600.7	44600	266432
44700.8	44700	272224
44801.8	44800	251952
44900.9	44900	241816
45001.8	45000	267880
45100.7	45100	272224
45201	45200	266432
45300.8	45300	275120
45400.9	45400	243264
45500	45500	280912
45601.8	45600	280912
45700.8	45700	269328
45800	45800	263536
45900.8	45900	275120
46000	46000	257744
46100.8	46100	275120
46201.9	46200	289600
46300	46300	356208
46400.9	46400	356208
46500	46500	353312
46604.8	46600	341728
46700.8	46700	280912
46800.8	46800	266432
46900.9	46900	275120
47000.8	47000	272224
47116.9	47100	401096
47206.9	47200	296840
47326.9	47300	399648
47400	47400	249056
47500.8	47500	359104
47600	47600	360552
47701	47700	364896
47800.9	47800	353312
47900.8	47900	359104
48001.8	48000	367792
48100.9	48100	353312
48200.8	48200	362000
48300.8	48300	364896
48400.8	48400	356208
48500.8	48500	364896
48600.9	48600	353312
48700.8	48700	359104
48800.9	48800	362000
48901.9	48900	359104
49000.9	49000	353312
49100.9	49100	330144
49200.9	49200	330144
49300.9	49300	260640
49400	49400	108600
49500.9	49500	309872
49600.9	49600	272224
49700.8	49700	269328
49800.9	49800	266432
49900	49900	272224
50000	50000	266432
50102	50100	275120
50200.9	50200	263536
50300.9	50300	266432
50400.6	50400	269328
50501.1	50500	251952
50600.8	50600	131768
50701.9	50700	282360
50800.9	50800	208512
50901	50900	205616
51000	51000	202720
51100.9	51100	208512
51202	51200	243264
51301	51300	266432
51401	51400	263536
51500.9	51500	272224
51600.9	51600	272224
51700	51700	266432
51800	51800	266432
51902	51900	249056
52000.9	52000	208512
52123	52100	250504
52212	52200	183896
52301.9	52300	188240
52422	52400	249056
52502	52500	165072
52601.9	52600	202720
52700	52700	202720
52801	52800	214304
52900.9	52900	205616
53000	53000	202720
53100.9	53100	211408
53201	53200	202720
53300	53300	217200
53400.9	53400	228784
53500	53500	214304
53601	53600	243264
53701	53700	205616
53801.1	53800	202720
53900	53900	208512
54001	54000	208512
54100	54100	208512
54200	54200	202720
54303.5	54300	211408
54400.4	54400	205616
54501	54500	89776
54600	54600	267880
54701	54700	167968
54803	54800	167968
54901	54900	165072
55000.9	55000	165072
55101	55100	162176
55200	55200	156384
55301	55300	56472
55403	55400	240368
55633.1	55500	27512
55633.1	55600	0
55702	55700	141904
55802	55800	118736
55903	55900	121632
56114.1	56000	10136
56114.1	56100	0
56321	56200	0
56322.1	56300	0
56400	56400	136112
56503	56500	130320
56601	56600	159280
56700	56700	162176
56801	56800	167968
56901	56900	167968
57001	57000	159280
57105	57100	147696
57205.1	57200	136112
57300	57300	101360
57402.1	57400	89776
57505.1	57500	92672
57625	57600	133216
57709	57700	86880
57800	57800	159280
57902	57900	170864
58000	58000	162176
58101.1	58100	167968
58200	58200	165072
58301	58300	167968
58401.1	58400	167968
58502.1	58500	167968
58601.1	58600	162176
58701.1	58700	167968
58800.1	58800	165072
58901.1	58900	167968
59001	59000	165072
59100.1	59100	162176
59201.1	59200	167968
59300.1	59300	141904
59401.1	59400	75296
59503.1	59500	170864
59600.1	59600	115840
59898.2	59700	110048
59898.2	59800	0
59900.1	59900	0
60100.2	60000	0
60103.1	60100	0
60305.3	60200	0
60305.4	60300	0
60510.3	60400	0
60510.4	60500	0
60712.2	60600	27512
60712.3	60700	0
60917.2	60800	0
60917.3	60900	1448
61000.1	61000	154936
61100.1	61100	124528
61403.2	61200	112944
61403.2	61300	0
61403.3	61400	0
61501.1	61500	136112
61600.1	61600	121632
61701.1	61700	121632
61801.1	61800	121632
61900.1	61900	118736
62001.1	62000	121632
62100	62100	121632
62200	62200	118736
62418.3	62300	20272
62418.3	62400	0
62624.4	62500	0
62624.5	62600	0
62701.1	62700	123080
62827.2	62800	102808
62990.1	62900	0
63005.2	63000	1448
63270.2	63100	105704
63270.2	63200	0
63302.3	63300	47784
63554.2	63400	53576
63554.3	63500	0
63758.3	63600	0
63758.4	63700	0
63800.2	63800	46336
63901.2	63900	107152
64001.6	64000	121632
64102.2	64100	121632
64363.2	64200	65160
64363.2	64300	0
64568.2	64400	0
64568.3	64500	0
64601.2	64600	52128
64892.2	64700	102808
64892.3	64800	0
64905.2	64900	1448
65001.2	65000	143352
65101.2	65100	144800
65200.1	65200	165072
65301.2	65300	179552
65401.2	65400	196928
65500.2	65500	202720
65601.3	65600	211408
65700.1	65700	202720
65800.2	65800	205616
65900.1	65900	211408
66000.2	66000	205616
66101.1	66100	208512
66200.1	66200	205616
66301.4	66300	205616
66400.2	66400	205616
66500.3	66500	208512
66600.3	66600	202720
66700.2	66700	205616
66800.2	66800	208512
66900.3	66900	205616
67002.2	67000	176656
67100.2	67100	165072
67200.2	67200	167968
67300.6	67300	165072
67401.3	67400	63712
67501.2	67500	179552
67606.3	67600	121632
68103.3	67700	105704
68103.4	67800	0
68103.4	67900	0
68103.5	68000	0
68103.5	68100	0
68381.3	68200	128872
68381.4	68300	0
68401.3	68400	57920
68500.2	68500	169416
68600.3	68600	162176
68700.2	68700	165072
68800.3	68800	170864
68901.3	68900	199824
69001.3	69000	202720
69100.3	69100	202720
69201.3	69200	202720
69300.3	69300	202720
69401.3	69400	205616
69501.3	69500	202720
69600.3	69600	173760
69702.2	69700	167968
69800.7	69800	162176
74152.5	69900	140456
74167.3	70000	0
74383.4	70100	1448
74397.4	70200	1448
74399.3	70300	1448
74412.3	70400	1448
74413.3	70500	1448
74618.4	70600	0
74618.5	70700	0
74618.5	70800	0
74618.5	70900	0
74835.5	71000	0
74835.6	71100	0
74835.6	71200	0
