0	0	1
125.381	100	63712
231.043	200	0
1045.11	300	1448
1060.01	400	0
1060.1	500	0
1061.03	600	1448
1062.98	700	1448
1075.05	800	1448
1075.14	900	1448
1075.98	1000	1448
1101.97	1100	27512
1203	1200	121632
1302	1300	118736
1400.01	1400	118736
1500.02	1500	121632
1607.03	1600	124528
1832.06	1700	23168
1832.1	1800	0
1907.04	1900	60816
2074.09	2000	0
2280.08	2100	0
2280.16	2200	0
2301.02	2300	47784
2401.01	2400	137560
2501.01	2500	162176
2601.02	2600	165072
2700.01	2700	191136
2801.02	2800	205616
2900.01	2900	199824
3000.03	3000	208512
3102.09	3100	209960
3200.03	3200	220096
3301.05	3300	238920
3400.01	3400	269328
3500.09	3500	266432
3601.11	3600	278016
3700.05	3700	215752
3800.04	3800	205616
3900.04	3900	209960
4000.01	4000	205616
4102.04	4100	207064
4201.02	4200	207064
4300.03	4300	202720
4402.06	4400	185344
4501.07	4500	162176
4601.12	4600	165072
4703.15	4700	137560
4801.2	4800	59368
4901.06	4900	153488
5001.12	5000	123080
5107.07	5100	112944
5200.19	5200	86880
5301.1	5300	136112
5401.05	5400	143352
5501.12	5500	162176
5602.25	5600	163624
5700.06	5700	162176
5800.06	5800	165072
5900.07	5900	167968
6000.15	6000	167968
6101.15	6100	165072
6201.14	6200	165072
6300.06	6300	167968
6401.06	6400	165072
6501.15	6500	165072
6601.15	6600	167968
6701.15	6700	162176
6800.13	6800	167968
6901.09	6900	165072
7000.06	7000	165072
7100.17	7100	167968
7201.17	7200	191136
7300.08	7300	196928
7400.1	7400	205616
7500.13	7500	208512
7601.18	7600	209960
7702.2	7700	202720
7800.09	7800	205616
7901.15	7900	225888
8000.16	8000	228784
8100.22	8100	240368
8201.1	8200	257744
8300.15	8300	269328
8401.19	8400	272224
8501.2	8500	266432
8600.17	8600	264984
8700.18	8700	275120
8800.07	8800	263536
8900.12	8900	272224
9001.22	9000	272224
9100.2	9100	269328
9218.23	9200	289600
9312.24	9300	134664
9403.18	9400	102808
9502.18	9500	15928
9601.31	9600	2896
9701.14	9700	188240
9801.22	9800	208512
9901.19	9900	205616
10000.2	10000	208512
10100.2	10100	104256
10200.2	10200	40544
10300.2	10300	107152
10401.2	10400	194032
10501.2	10500	162176
10602.2	10600	167968
10700.2	10700	165072
10800.2	10800	134664
10900.2	10900	118736
11127.2	11000	18824
11127.3	11100	0
11367.3	11200	0
11367.4	11300	0
12610.4	11400	1448
12625.3	11500	52128
12625.4	11600	2896
12626.3	11700	1448
12628.2	11800	7240
12628.3	11900	0
12641.3	12000	0
12641.4	12100	0
12641.4	12200	0
12648.4	12300	4344
12648.4	12400	1448
12648.5	12500	2896
12648.5	12600	1448
12701.2	12700	66608
12801.3	12800	118736
12900.3	12900	118736
13000.3	13000	124528
13102.2	13100	121632
13200.2	13200	124528
13300.2	13300	153488
13401.3	13400	159280
13501.2	13500	165072
13600.3	13600	176656
13700.2	13700	199824
13800.2	13800	205616
13900.4	13900	205616
14000.3	14000	211408
14101.4	14100	249056
14200.2	14200	260640
14308.3	14300	202720
14400.4	14400	199824
14500.3	14500	267880
14600.3	14600	275120
14700.3	14700	263536
14800.3	14800	275120
14908.3	14900	266432
15000.3	15000	169416
15100.3	15100	185344
15200.3	15200	194032
15304.3	15300	263536
15401.4	15400	246160
15500.4	15500	292496
15600.3	15600	335936
15700.3	15700	359104
15800.2	15800	390960
15900.2	15900	390960
16000.3	16000	379376
16100.2	16100	388064
16201.2	16200	390960
16300.3	16300	382272
16400.4	16400	388064
16500.3	16500	385168
16600.3	16600	382272
16700.4	16700	393856
16800.4	16800	362000
16900.3	16900	356208
17000.4	17000	356208
17100.3	17100	364896
17201.3	17200	364896
17300.4	17300	344624
17400.4	17400	370688
17500.4	17500	359104
17600.4	17600	362000
17701.3	17700	356208
17802.4	17800	364896
17901.4	17900	301184
18000.3	18000	289600
18100.4	18100	286704
18203.4	18200	270776
18300.4	18300	280912
18400.4	18400	275120
18500.5	18500	263536
18600.5	18600	272224
18700.5	18700	269328
18800.4	18800	272224
18902.4	18900	269328
19001.4	19000	272224
19100.3	19100	269328
19201.3	19200	269328
19328.4	19300	309872
19423.3	19400	167968
19522.4	19500	186792
19622.3	19600	139008
19701.4	19700	175208
19801.4	19800	301184
19900.3	19900	350416
20001.5	20000	382272
20100.4	20100	379376
20202.4	20200	396752
20300.4	20300	382272
20400.5	20400	393856
20500.4	20500	379376
20600.4	20600	382272
20700.4	20700	393856
20800.5	20800	376480
20900.4	20900	393856
21000.3	21000	390960
21101.4	21100	382272
21200.4	21200	390960
21300.4	21300	379376
21400.4	21400	388064
21500.5	21500	393856
21600.4	21600	385168
21700.4	21700	362000
21800.5	21800	356208
21900.5	21900	362000
22000.5	22000	367792
22100.5	22100	350416
22200.4	22200	362000
22300.5	22300	362000
22400.5	22400	356208
22500.5	22500	359104
22601.5	22600	367792
22700.4	22700	351864
22800.4	22800	364896
22900.5	22900	296840
23000.4	23000	269328
23100.4	23100	272224
23200.5	23200	266432
23301.5	23300	269328
23400.4	23400	269328
23500.4	23500	272224
23601.5	23600	275120
23701.4	23700	263536
23800.4	23800	269328
23900.4	23900	275120
24000.4	24000	266432
24101.5	24100	269328
24200.5	24200	269328
24300.6	24300	267880
24417.5	24400	227336
24517.5	24500	157832
24618.5	24600	185344
24717.5	24700	175208
24800.6	24800	123080
24901.5	24900	247608
25000.5	25000	272224
25100.4	25100	266432
25200.5	25200	275120
25300.4	25300	202720
25400.5	25400	205616
25507.5	25500	98464
25613.5	25600	40544
25701.5	25700	89776
25800.7	25800	165072
25900.5	25900	165072
26000.5	26000	167968
26101.5	26100	167968
26200.5	26200	170864
26300.4	26300	194032
26401.5	26400	205616
26500.5	26500	243264
26600.5	26600	269328
26700.5	26700	269328
26801.5	26800	228784
26900.5	26900	280912
27001.5	27000	335936
27100.4	27100	359104
27201.5	27200	359104
27300.4	27300	359104
27400.5	27400	364896
27500.5	27500	353312
27600.5	27600	367792
27700.5	27700	356208
27800.6	27800	314216
27901.5	27900	278016
28000.5	28000	251952
28100.5	28100	208512
28201.5	28200	196928
28300.9	28300	165072
28400.5	28400	167968
28501.5	28500	165072
28601.5	28600	185344
28700.5	28700	214304
28800.8	28800	231680
28900.5	28900	263536
29000.5	29000	298288
29100.5	29100	344624
29200.6	29200	382272
29313.6	29300	373584
29423.7	29400	278016
29503.5	29500	215752
29622.6	29600	330144
29700.5	29700	230232
29800.9	29800	356208
29900.6	29900	338832
30000.6	30000	405440
30100.5	30100	379376
30200.5	30200	388064
30300.6	30300	385168
30400.6	30400	385168
30500.6	30500	388064
30600.6	30600	388064
30700.6	30700	370688
30801.5	30800	367792
30901.6	30900	362000
31000.6	31000	353312
31100.5	31100	362000
31200.5	31200	362000
31300.5	31300	356208
31400.7	31400	356208
31500.6	31500	364896
31600.6	31600	362000
31700.7	31700	373584
31800.6	31800	388064
31900.6	31900	390960
32001.6	32000	388064
32100.6	32100	382272
32200.7	32200	385168
32300.6	32300	280912
32400.7	32400	393856
32500.6	32500	385168
32600.6	32600	382272
32701.6	32700	390960
32801.1	32800	388064
32900.6	32900	356208
33000.7	33000	292496
33100.6	33100	182448
33201.7	33200	257744
33301.1	33300	266432
33400.6	33400	269328
33500.7	33500	249056
33600.6	33600	228784
33700.6	33700	191136
33804.7	33800	205616
33900.7	33900	269328
34000.6	34000	272224
34100.6	34100	318560
34201.7	34200	367792
34301.2	34300	390960
34408.7	34400	335936
34509.7	34500	222992
34611.7	34600	353312
34700.6	34700	330144
34803.6	34800	388064
34904.7	34900	427160
35000.8	35000	389512
35100.6	35100	534312
35200.7	35200	506800
35300.2	35300	515488
35405.8	35400	428608
35500.7	35500	343176
35600.7	35600	359104
35700.8	35700	388064
35801.2	35800	379376
35900.7	35900	393856
36001.7	36000	382272
36100.6	36100	356208
36200.7	36200	362000
36300.7	36300	356208
36400.6	36400	367792
36506.8	36500	315664
36600.6	36600	263536
36701.8	36700	272224
36800.7	36800	266432
36901.8	36900	272224
37000.7	37000	269328
37100.7	37100	263536
37200.7	37200	278016
37300.7	37300	263536
37400.6	37400	269328
37500.7	37500	275120
37600.7	37600	269328
37700.7	37700	266432
37801.2	37800	269328
37900.7	37900	272224
38001.8	38000	275120
38101.7	38100	240368
38200.8	38200	280912
38300.7	38300	341728
38400.8	38400	373584
38500.7	38500	382272
38601.7	38600	393856
38700.8	38700	382272
38801.7	38800	390960
38900.2	38900	362000
39014.7	39000	196928
39101.7	39100	34752
39202.8	39200	231680
39300.8	39300	505352
39400.7	39400	506800
39500.7	39500	495216
39608.8	39600	424264
39707.8	39700	301184
39828.8	39800	380824
39927.8	39900	296840
40000.8	40000	178104
40101.7	40100	359104
40200.8	40200	362000
40305.8	40300	330144
40400.8	40400	359104
40501.8	40500	359104
40600.8	40600	353312
40700.8	40700	382272
40800.8	40800	388064
40900.8	40900	382272
41000.8	41000	388064
41101.7	41100	341728
41200.8	41200	263536
41300	41300	251952
41401.9	41400	260640
41500.9	41500	301184
41605.8	41600	327248
41703.8	41700	341728
41804.8	41800	409784
41900.9	41900	498112
42000.9	42000	444536
42104.8	42100	480736
42200.8	42200	569064
42300.7	42300	593680
42401.8	42400	605264
42501	42500	587888
42600.8	42600	605264
42700.9	42700	599472
42801.2	42800	613952
42900.7	42900	590784
43000.8	43000	590784
43104.8	43100	541552
43204.8	43200	540104
43305.8	43300	541552
43403.9	43400	551688
43501.8	43500	574856
43600.8	43600	605264
43700.8	43700	590784
43800.8	43800	599472
43900.9	43900	599472
44002	44000	619744
44100.8	44100	587888
44200.9	44200	602368
44300.9	44300	602368
44400.8	44400	608160
44500.8	44500	582096
44632.9	44600	737032
44717.9	44700	266432
44808.9	44800	328696
44902.9	44900	279464
45017.8	45000	438744
45109	45100	304080
45200	45200	221544
45308.9	45300	401096
45400.8	45400	425712
45500.8	45500	503904
45600.8	45600	515488
45700.9	45700	509696
45800.9	45800	509696
45900	45900	408336
46000	46000	390960
46102.8	46100	318560
46201	46200	280912
46300	46300	298288
46400.9	46400	327248
46503.9	46500	350416
46600.8	46600	359104
46700.8	46700	472048
46800.9	46800	451776
46900.9	46900	295392
47002.8	47000	335936
47105.9	47100	448880
47204.9	47200	503904
47300.1	47300	519832
47400.9	47400	567616
47500.9	47500	577752
47601.9	47600	598024
47704.9	47700	506800
47801.6	47800	480736
47900	47900	388064
48000.9	48000	309872
48101	48100	393856
48200.9	48200	527072
48300.9	48300	506800
48400	48400	498112
48505.9	48500	460464
48600	48600	473496
48700	48700	519832
48800	48800	518384
48900.9	48900	403992
49000	49000	370688
49104.9	49100	501008
49200.9	49200	547344
49300	49300	573408
49400	49400	596576
49500	49500	605264
49600	49600	590784
49722.9	49700	660288
49824	49800	344624
49913	49900	403992
50003	50000	353312
50143	50100	72400
50230	50200	11584
50300	50300	150592
50400	50400	544448
50500.9	50500	579200
50600.9	50600	602368
50700	50700	590784
50800	50800	616848
50900	50900	582096
51000	51000	608160
51101	51100	611056
51200	51200	590784
51300	51300	596576
51400	51400	611056
51501	51500	596576
51600	51600	605264
51701	51700	596576
51800	51800	593680
51900	51900	605264
52000	52000	602368
52100.1	52100	593680
52200	52200	608160
52300	52300	608160
52400	52400	602368
52500.1	52500	587888
52600	52600	602368
52700	52700	608160
52800	52800	434400
52900	52900	309872
53001	53000	341728
53100	53100	521280
53201	53200	527072
53300	53300	396752
53405.1	53400	306976
53500	53500	573408
53600.1	53600	593680
53700	53700	596576
53800	53800	593680
53900	53900	605264
54001	54000	611056
54100.2	54100	590784
54200	54200	602368
54301.6	54300	605264
54400	54400	596576
54500	54500	590784
54600	54600	611056
54700	54700	599472
54800	54800	605264
54900.1	54900	600920
55000	55000	589336
55101.2	55100	613952
55200.1	55200	553136
55301.9	55300	644360
55400.1	55400	602368
55500	55500	593680
55601	55600	613952
55701.1	55700	590784
55802.1	55800	605264
55900.1	55900	608160
56000.1	56000	593680
56100.1	56100	593680
56200	56200	608160
56300	56300	596576
56400	56400	605264
56500	56500	599472
56600	56600	590784
56700	56700	611056
56800.1	56800	596576
56900.1	56900	599472
57006.1	57000	571960
57100	57100	556032
57205.1	57200	529968
57300.1	57300	531416
57401.1	57400	622640
57500.1	57500	611056
57601.1	57600	590784
57700.2	57700	596576
57800.1	57800	608160
57901	57900	596576
58000	58000	611056
58101.2	58100	593680
58200.1	58200	602368
58300.5	58300	602368
58400.1	58400	605264
58500.1	58500	593680
58600.1	58600	602368
58701.2	58700	602368
58800.1	58800	605264
58900.1	58900	584992
59000.1	59000	608160
59101.1	59100	608160
59201.2	59200	593680
59301.1	59300	579200
59402.2	59400	616848
59500.1	59500	590784
59600.1	59600	608160
59700.1	59700	593680
59800.2	59800	590784
59900.1	59900	608160
60000.2	60000	599472
60100.1	60100	592232
60201.1	60200	603816
60300.1	60300	599472
60401.2	60400	298288
60503.2	60500	40544
60600.1	60600	130320
60700.2	60700	538656
60800.3	60800	570512
60900.1	60900	593680
61001.2	61000	605264
61100.2	61100	596576
61200.1	61200	605264
61300.2	61300	599472
61401.1	61400	596576
61500.3	61500	602368
61600.2	61600	608160
61701.2	61700	596576
61800.2	61800	605264
61900.3	61900	599472
62000.3	62000	608160
62100.3	62100	590784
62200.1	62200	599472
62301.2	62300	608160
62400.2	62400	596576
62500.2	62500	590784
62600.3	62600	613952
62700.2	62700	587888
62800.2	62800	611056
62901.2	62900	602368
63001.2	63000	599472
63100.2	63100	602368
63200.2	63200	602368
63300.2	63300	596576
63400.3	63400	599472
63501.2	63500	599472
63600.2	63600	608160
63700.2	63700	596576
63800.2	63800	590784
63900.3	63900	616848
64001.2	64000	596576
64128.2	64100	584992
64229.3	64200	431504
64326.3	64300	269328
64414.2	64400	364896
64507.3	64500	322904
64623.2	64600	369240
64703.3	64700	278016
64800.2	64800	456120
64900.2	64900	599472
65001.2	65000	512592
65106.3	65100	341728
65203.3	65200	295392
65303.3	65300	301184
65403.3	65400	344624
65505.2	65500	544448
65600.2	65600	605264
65700.2	65700	596576
65800.3	65800	602368
65900.2	65900	595128
66000.2	66000	613952
66100.2	66100	587888
66200.3	66200	599472
66300.3	66300	605264
66401.2	66400	608160
66501.3	66500	599472
66600.2	66600	599472
66700.3	66700	602368
66800.3	66800	605264
66903.4	66900	477840
67000.2	67000	309872
67101.3	67100	304080
67201.4	67200	295392
67300.4	67300	295392
67403.3	67400	312768
67500.2	67500	295392
67601.3	67600	306976
67704.4	67700	301184
67802.4	67800	292496
67900.4	67900	298288
68000.3	68000	356208
68105.3	68100	353312
68201.3	68200	324352
68301.2	68300	260640
68401.4	68400	266432
68500.2	68500	399648
68601.3	68600	388064
68700.4	68700	385168
68801.7	68800	390960
68901.4	68900	385168
69000.4	69000	353312
69100.3	69100	414128
69220.4	69200	328696
69320.3	69300	299736
69428.4	69400	285256
69519.4	69500	279464
69630.3	69600	243264
69714.3	69700	153488
69800.2	69800	288152
70140.3	69900	364896
70140.4	70000	0
70141.3	70100	0
70200.3	70200	140456
70300.3	70300	78192
70400.3	70400	167968
70500.4	70500	189688
70600.4	70600	222992
70700.4	70700	120184
70800.4	70800	217200
70901.4	70900	167968
71002.3	71000	165072
71101.3	71100	167968
71203.4	71200	167968
71302.6	71300	162176
71400.4	71400	165072
71501.4	71500	167968
71601.4	71600	167968
71701.4	71700	162176
71802.6	71800	165072
71905.4	71900	162176
72002.3	72000	170864
72101.4	72100	144800
72201.4	72200	121632
72300.4	72300	118736
72400.4	72400	124528
72502.3	72500	121632
72602.3	72600	118736
72700.4	72700	121632
72800.3	72800	121632
72902.4	72900	121632
73000.4	73000	118736
73101.4	73100	121632
73202.4	73200	124528
73300.4	73300	127424
73400.3	73400	136112
73500.4	73500	141904
73601.4	73600	167968
73700.4	73700	162176
73800.3	73800	167968
73900.4	73900	165072
74000.4	74000	167968
74101.4	74100	162176
74213.4	74200	157832
74314.4	74300	120184
74401.4	74400	99912
74501.4	74500	139008
74600.4	74600	118736
74867.5	74700	78192
74867.5	74800	0
75075.6	74900	0
75075.6	75000	0
75276.5	75100	0
75276.6	75200	0
75481.5	75300	0
75481.6	75400	0
75685.5	75500	52128
75685.6	75600	5792
75889.5	75700	0
75889.6	75800	0
76094.5	75900	0
76095.4	76000	0
76100.4	76100	56472
76295.5	76200	14480
76506.5	76300	23168
76506.6	76400	0
76506.6	76500	0
77803.6	76600	0
77803.7	76700	0
77803.7	76800	0
77816.5	76900	5792
77816.6	77000	0
77817.4	77100	0
77818.4	77200	0
77819.5	77300	0
77820.5	77400	0
77821.4	77500	0
77822.5	77600	0
77823.5	77700	0
77823.6	77800	0
77900.4	77900	118736
78000.5	78000	139008
78101.4	78100	156384
78201.5	78200	162176
78300.5	78300	167968
78400.5	78400	165072
78500.5	78500	165072
78600.1	78600	191136
78700.4	78700	199824
78800.5	78800	228784
78900.5	78900	280912
79001.6	79000	330144
79100.6	79100	388064
79235.6	79200	343176
79300.5	79300	221544
79400.6	79400	376480
79500.6	79500	344624
79600.6	79600	188240
79701.4	79700	353312
79801.5	79800	411232
79900.5	79900	461912
80000.5	80000	561824
80100.5	80100	587888
80200.6	80200	608160
80301.4	80300	596576
80400.5	80400	605264
80500.5	80500	590784
80600.6	80600	602368
80701.5	80700	608160
80801.5	80800	608160
80900.5	80900	593680
81000.5	81000	599472
81100.6	81100	596576
81200.7	81200	613952
81301.5	81300	587888
81400.5	81400	605264
81501.6	81500	541552
81601.6	81600	474944
81700.5	81700	390960
81801.6	81800	335936
81901.6	81900	130320
82001.6	82000	525624
82100.5	82100	414128
82200.6	82200	503904
82300.6	82300	561824
82400.6	82400	605264
82500.6	82500	590784
82600.5	82600	596576
82700.6	82700	611056
82801.7	82800	605264
82901.6	82900	587888
83000.6	83000	596576
83101.6	83100	613952
83201.6	83200	605264
83300.6	83300	590784
83400.6	83400	599472
83500.6	83500	605264
83600.5	83600	608160
83700.6	83700	593680
83800.5	83800	596576
