0	0	1
101.972	100	121632
201.905	200	167968
301.006	300	160728
400.94	400	165072
502.011	500	170864
600.046	600	159280
701.009	700	199824
800.006	800	202720
900.981	900	205616
1000.05	1000	205616
1100.07	1100	204168
1203.03	1200	214304
1300.03	1300	202720
1400.94	1400	238920
1500.03	1500	222992
1600.04	1600	270776
1702.06	1700	273672
1800.06	1800	269328
1900	1900	227336
2000.02	2000	238920
2100.07	2100	308424
2200.03	2200	302632
2301.03	2300	346072
2400.99	2400	367792
2501.08	2500	354760
2600.2	2600	360552
2701	2700	359104
2800.04	2800	351864
2901.02	2900	353312
3000.06	3000	289600
3100.09	3100	234576
3201.03	3200	282360
3300.02	3300	269328
3401	3400	272224
3500.16	3500	266432
3600.04	3600	269328
3702.04	3700	264984
3802.03	3800	205616
3900.03	3900	202720
4005.04	4000	195480
4100.04	4100	253400
4200.02	4200	269328
4300.99	4300	211408
4400.03	4400	199824
4501.1	4500	211408
4600.06	4600	205616
4702.13	4700	208512
4800.03	4800	208512
4901.05	4900	205616
5000.06	5000	208512
5110.08	5100	101360
5236.07	5200	153488
5300.16	5300	60816
5400.03	5400	207064
5501.16	5500	205616
5600.06	5600	208512
5701.04	5700	205616
5800.08	5800	205616
5901.06	5900	208512
6001.11	6000	205616
6100.02	6100	208512
6200.04	6200	251952
6301.06	6300	254848
6400.1	6400	269328
6500.1	6500	269328
6600.11	6600	275120
6701.1	6700	233128
6800.14	6800	306976
6900.13	6900	315664
7000.22	7000	350416
7101.18	7100	356208
7201.18	7200	373584
7300.16	7300	353312
7400.17	7400	330144
7500.09	7500	386616
7600.16	7600	347520
7709.2	7700	337384
7800.09	7800	249056
7900.05	7900	214304
8000.03	8000	367792
8101.15	8100	359104
8200.16	8200	317112
8301.16	8300	259192
8401.08	8400	205616
8500.17	8500	191136
8600.06	8600	225888
8700.08	8700	266432
8800.08	8800	272224
8900.14	8900	269328
9000.18	9000	272224
9101.27	9100	266432
9200.09	9200	269328
9301.26	9300	220096
9401.17	9400	208512
9501.1	9500	205616
9602.15	9600	208512
9700.12	9700	204168
9800.26	9800	196928
9901.15	9900	162176
10011.2	10000	185344
10111.2	10100	120184
10201.1	10200	118736
10300.2	10300	118736
10402.2	10400	141904
10500.1	10500	118736
10602.2	10600	101360
10703.2	10700	101360
10801.1	10800	136112
10900.1	10900	159280
11000	11000	165072
11101.2	11100	167968
11201.2	11200	165072
11301.2	11300	167968
11402.1	11400	167968
11500.2	11500	165072
11601.3	11600	182448
11701.2	11700	173760
11801.1	11800	170864
11901.1	11900	205616
12000.2	12000	205616
12101.2	12100	208512
12204.2	12200	52128
12309.2	12300	40544
12400.2	12400	130320
12500.1	12500	165072
12600.2	12600	95568
12700.2	12700	81088
12801.2	12800	81088
12902.2	12900	81088
13004.2	13000	86880
13103.2	13100	81088
13207.2	13200	89776
13301.2	13300	110048
13401.2	13400	124528
13501.2	13500	156384
13600.2	13600	191136
13702.2	13700	202720
13800.2	13800	205616
13900.2	13900	208512
14000.2	14000	202720
14100.2	14100	208512
14201.2	14200	208512
14300.3	14300	208512
14401.2	14400	205616
14500.2	14500	205616
14600.2	14600	208512
14700.3	14700	202720
14801.2	14800	208512
14900.3	14900	266432
15004.3	15000	273672
15105.3	15100	189688
15223.3	15200	240368
15301.4	15300	198376
15401.3	15400	272224
15501.2	15500	269328
15600.3	15600	298288
15700.2	15700	312768
15800.2	15800	327248
15900.3	15900	350416
16000.3	16000	362000
16100.3	16100	359104
16200.3	16200	364896
16301.2	16300	359104
16400.3	16400	376480
16501.3	16500	390960
16600.3	16600	382272
16701.4	16700	388064
16800.3	16800	390960
16900.2	16900	382272
17000.2	17000	390960
17101.2	17100	385168
17200.3	17200	382272
17301.5	17300	390960
17400.4	17400	388064
17500.3	17500	382272
17601.3	17600	388064
17700.3	17700	388064
17800.3	17800	388064
17901.5	17900	373584
18000.3	18000	359104
18100.4	18100	362000
18200.3	18200	359104
18300.3	18300	276568
18400.4	18400	272224
18500.2	18500	269328
18602.4	18600	211408
18701.4	18700	199824
18800.4	18800	162176
18900.4	18900	167968
19002.3	19000	127424
19100.4	19100	115840
19337.4	19200	37648
19337.4	19300	0
19539.4	19400	0
19539.4	19500	0
19600.3	19600	159280
19700.5	19700	173760
19800.4	19800	199824
19901.4	19900	205616
20000.3	20000	208512
20121.3	20100	212856
20201.5	20200	124528
20326.4	20300	176656
20416.4	20400	143352
20500.3	20500	136112
20600.3	20600	214304
20701.4	20700	263536
20800.4	20800	335936
20900.4	20900	356208
21000.3	21000	367792
21101.4	21100	353312
21201.4	21200	364896
21300.3	21300	390960
21400.5	21400	385168
21500.3	21500	350416
21600.4	21600	266432
21700.4	21700	263536
21802.5	21800	377928
21900.3	21900	434400
22001.4	22000	474944
22100.4	22100	495216
22200.4	22200	514040
22300.4	22300	516936
22400.5	22400	506800
22501.5	22500	527072
22607.4	22600	502456
22702.5	22700	473496
22801.4	22800	443088
22900.4	22900	295392
23000.4	23000	254848
23100.4	23100	369240
23200.3	23200	390960
23301.4	23300	382272
23400.3	23400	373584
23500.4	23500	346072
23600.3	23600	362000
23700.4	23700	318560
23800.4	23800	272224
23900.4	23900	266432
24000.5	24000	272224
24100.4	24100	321456
24200.5	24200	333040
24301.4	24300	350416
24400.5	24400	359104
24500.5	24500	379376
24600.6	24600	385168
24701.4	24700	385168
24801.4	24800	390960
24905.5	24900	367792
25004.5	25000	295392
25104.5	25100	269328
25226.5	25200	288152
25318.5	25300	183896
25422.5	25400	156384
25531.5	25500	195480
25601.5	25600	159280
25700.5	25700	309872
25801.4	25800	356208
25900.4	25900	324352
26001.5	26000	289600
26101.5	26100	272224
26200.6	26200	222992
26300.4	26300	205616
26400.4	26400	208512
26501.5	26500	211408
26600.5	26600	269328
26700.5	26700	301184
26800.5	26800	318560
26900.6	26900	356208
27000.5	27000	388064
27102.5	27100	333040
27200.4	27200	490872
27301.5	27300	509696
27401.5	27400	598024
27500.4	27500	582096
27600.4	27600	596576
27700.5	27700	605264
27800.5	27800	596576
27901.5	27900	596576
28000.5	28000	608160
28101.5	28100	596576
28202.6	28200	537208
28301.5	28300	430056
28400.5	28400	398200
28500.5	28500	524176
28601.5	28600	527072
28700.6	28700	338832
28800.5	28800	362000
28900.5	28900	385168
29000.5	29000	393856
29100.5	29100	364896
29200.5	29200	356208
29300.6	29300	364896
29401.5	29400	362000
29500.6	29500	353312
29601.5	29600	367792
29702.6	29700	359104
29801.5	29800	364896
29900.5	29900	353312
30000.6	30000	353312
30104.6	30100	356208
30211.6	30200	249056
30305.6	30300	101360
30460.6	30400	111496
30501.6	30500	101360
30600.6	30600	215752
30701.7	30700	247608
30800.6	30800	263536
30900.5	30900	272224
31001.6	31000	243264
31101.1	31100	202720
31201.1	31200	222992
31301.5	31300	228784
31400.5	31400	208512
31501.6	31500	237472
31600.5	31600	266432
31701.6	31700	275120
31800.6	31800	266432
31901.6	31900	283808
32001.6	32000	308424
32100.6	32100	333040
32201.5	32200	364896
32301.6	32300	350416
32400.5	32400	362000
32500.5	32500	385168
32600.5	32600	382272
32700.6	32700	385168
32801.6	32800	390960
32900.7	32900	382272
33001.6	33000	390960
33100.6	33100	382272
33200.6	33200	382272
33301.6	33300	396752
33400.6	33400	367792
33500.5	33500	379376
33601.6	33600	382272
33700.6	33700	390960
33800.6	33800	385168
33900.7	33900	385168
34000.6	34000	385168
34100.6	34100	388064
34200.7	34200	388064
34304.7	34300	362000
34401.7	34400	366344
34501.6	34500	466256
34601.7	34600	486528
34700.6	34700	509696
34800.7	34800	509696
34900.7	34900	515488
35000.8	35000	524176
35101.6	35100	509696
35230.6	35200	415576
35321.7	35300	230232
35416.7	35400	263536
35540.7	35500	322904
35603.5	35600	95568
35710.8	35700	380824
35811.6	35800	40544
35909.7	35900	40544
36000	36000	295392
36104.7	36100	393856
36201.7	36200	263536
36301.7	36300	254848
36400.7	36400	251952
36500.7	36500	356208
36600.7	36600	385168
36700.7	36700	382272
36800.7	36800	390960
36901.8	36900	393856
37001	37000	388064
37100.6	37100	379376
37200.6	37200	388064
37300.7	37300	390960
37400.6	37400	370688
37500.7	37500	359104
37600.7	37600	362000
37700.7	37700	359104
37800.6	37800	364896
37903.7	37900	335936
38001.7	38000	214304
38101.7	38100	185344
38200.7	38200	182448
38303.7	38300	234576
38400.7	38400	370688
38500.7	38500	370688
38600.7	38600	390960
38701.8	38700	379376
38805.7	38800	350416
38902.7	38900	257744
39001.7	39000	405440
39100.7	39100	451776
39201.7	39200	502456
39301.7	39300	535760
39400.7	39400	590784
39500.7	39500	587888
39600.7	39600	605264
39700.7	39700	602368
39800.7	39800	608160
39900.7	39900	593680
40000.3	40000	590784
40100.7	40100	613952
40201.8	40200	602368
40300.7	40300	567616
40401.8	40400	473496
40501.7	40500	454672
40603.7	40600	370688
40700.8	40700	431504
40800.8	40800	477840
40900.7	40900	489424
41000.8	41000	515488
41101.7	41100	411232
41201.8	41200	338832
41301.8	41300	390960
41400.7	41400	382272
41501.8	41500	388064
41601.7	41600	390960
41701.7	41700	388064
41800.7	41800	388064
41900.7	41900	379376
42000.8	42000	292496
42100.9	42100	263536
42201.7	42200	347520
42300.8	42300	445984
42408.8	42400	501008
42509.9	42500	304080
42602.8	42600	337384
42701.7	42700	548792
42802.7	42800	586440
42900.8	42900	608160
43000.1	43000	593680
43101.9	43100	599472
43200.8	43200	605264
43300.8	43300	602368
43400.8	43400	609608
43500.3	43500	579200
43601.8	43600	611056
43700.8	43700	602368
43800.8	43800	596576
43900.8	43900	590784
44001.8	44000	622640
44100.8	44100	595128
44200.8	44200	602368
44300.9	44300	596576
44400.8	44400	599472
44500.3	44500	600920
44601.9	44600	505352
44700.8	44700	359104
44800	44800	422816
44900.8	44900	509696
45002.9	45000	454672
45103.9	45100	469152
45201.8	45200	454672
45301.9	45300	463360
45401.8	45400	469152
45500.7	45500	545896
45600.8	45600	521280
45703.9	45700	320008
45810.9	45800	340280
45920.9	45900	356208
46020.9	46000	315664
46125.9	46100	250504
46225.9	46200	285256
46326.8	46300	246160
46401.9	46400	198376
46500.4	46500	393856
46600.9	46600	474944
46700.8	46700	561824
46800.8	46800	596576
46900.8	46900	608160
47000.8	47000	596576
47100.8	47100	577752
47202.8	47200	506800
47301.9	47300	390960
47400	47400	298288
47505.9	47500	312768
47600.9	47600	254848
47700.9	47700	257744
47800.9	47800	260640
47900.9	47900	263536
48000.5	48000	266432
48103.8	48100	304080
48201.9	48200	298288
48300.9	48300	289600
48400	48400	292496
48500.9	48500	292496
48601	48600	364896
48702.9	48700	390960
48800.8	48800	390960
48900.9	48900	382272
49000.9	49000	373584
49103.9	49100	83984
49204	49200	40544
49303	49300	196928
49400.9	49400	191136
49507	49500	196928
49600	49600	199824
49701.9	49700	185344
49800.9	49800	231680
49900	49900	263536
50001.9	50000	327248
50101	50100	373584
50200.9	50200	375032
50300.1	50300	457568
50400	50400	521280
50500.9	50500	512592
50600.9	50600	529968
50700.8	50700	599472
50807	50800	415576
50932	50900	515488
51021	51000	367792
51102	51100	279464
51215	51200	376480
51301	51300	390960
51401.9	51400	389512
51503	51500	324352
51601	51600	473496
51700.1	51700	624088
51801	51800	590784
51900.1	51900	593680
52000	52000	580648
52100	52100	425712
52200	52200	430056
52302	52300	422816
52402	52400	254848
52500.7	52500	269328
52600.9	52600	483632
52700	52700	445984
52800.1	52800	553136
52900	52900	602368
53000	53000	605264
53101	53100	590784
53200	53200	602368
53300	53300	605264
53400	53400	590784
53500.8	53500	602368
53600	53600	611056
53700	53700	599472
53800	53800	602368
53900.1	53900	590784
54000	54000	602368
54100.9	54100	608160
54200	54200	592232
54300	54300	602368
54400	54400	596576
54500	54500	611056
54600	54600	599472
54701	54700	596576
54800.1	54800	602368
54900	54900	611056
55000.7	55000	596576
55100	55100	590784
55200	55200	602368
55300.1	55300	602368
55400	55400	605264
55500.1	55500	596576
55601.1	55600	541552
55702.1	55700	499560
55801.1	55800	390960
55900.1	55900	298288
56000	56000	473496
56102.1	56100	425712
56200	56200	304080
56300	56300	278016
56400.1	56400	376480
56501.9	56500	390960
56610.1	56600	333040
56744	56700	356208
56801.1	56800	170864
56922.1	56900	249056
57063.1	57000	162176
57111.1	57100	81088
57211.1	57200	162176
57302	57300	149144
57402.1	57400	276568
57500.1	57500	338832
57600	57600	379376
57700	57700	443088
57800.1	57800	532864
57901.1	57900	593680
58000.1	58000	596576
58100	58100	602368
58200	58200	596576
58300.1	58300	599472
58400.1	58400	605264
58500.1	58500	593680
58600.2	58600	608160
58700	58700	595128
58801	58800	602368
58900	58900	605264
59000.1	59000	596576
59100	59100	602368
59203.1	59200	558928
59303.1	59300	543000
59400.1	59400	553136
59500.2	59500	605264
59600	59600	596576
59700.1	59700	613952
59800.1	59800	596576
59900.2	59900	593680
60001.1	60000	611056
60101.2	60100	593680
60200.1	60200	611056
60300.2	60300	587888
60400.1	60400	599472
60500.1	60500	602368
60601.1	60600	611056
60700.1	60700	593680
60800.1	60800	602368
60900.2	60900	598024
61000.1	61000	613952
61100.2	61100	584992
61200	61200	599472
61301.1	61300	616848
61400.2	61400	584992
61500.1	61500	599472
61600.2	61600	608160
61700.2	61700	599472
61800.1	61800	608160
61901.1	61900	596576
62000.1	62000	596576
62100.2	62100	608160
62206.1	62200	574856
62321.1	62300	354760
62411.3	62400	286704
62524.2	62500	292496
62615.3	62600	254848
62701.2	62700	263536
62819.2	62800	276568
62900.2	62900	341728
63000.1	63000	538656
63100.1	63100	573408
63201.2	63200	611056
63300.1	63300	593680
63400.3	63400	608160
63500.2	63500	599472
63600.2	63600	590784
63701.2	63700	608160
63800.2	63800	605264
63901.2	63900	593680
64000.2	64000	602368
64100.2	64100	596576
64208.2	64200	457568
64300.2	64300	366344
64400.2	64400	477840
64500.2	64500	364896
64600.2	64600	640016
64701.1	64700	587888
64800.2	64800	613952
64900.2	64900	587888
65000.1	65000	608160
65100.2	65100	599472
65201.2	65200	602368
65300.2	65300	596576
65400.2	65400	611056
65512.9	65500	185344
65600.2	65600	483632
65700.2	65700	576304
65801.2	65800	322904
65945.2	65900	2896
66000.3	66000	264984
66100.3	66100	477840
66240.2	66200	338832
66300.2	66300	147696
66422.2	66400	490872
66501.2	66500	40544
66600.2	66600	469152
66700.2	66700	506800
66801.2	66800	524176
66900.2	66900	489424
67000.3	67000	503904
67100.2	67100	570512
67200.2	67200	602368
67302.2	67300	495216
67417.2	67400	487976
67507.3	67500	351864
67639.3	67600	486528
67727.2	67700	334488
67801.2	67800	172312
67900.2	67900	344624
68000.2	68000	553136
68100.3	68100	584992
68200.2	68200	605264
68300.3	68300	593680
68400.2	68400	599472
68500.2	68500	602368
68600.2	68600	602368
68701.3	68700	602368
68800.4	68800	596576
68900.3	68900	505352
69002.3	69000	306976
69100.2	69100	354760
69204.3	69200	254848
69301.3	69300	254848
69400.3	69400	364896
69500.3	69500	385168
69600.3	69600	385168
69700.3	69700	390960
69801.4	69800	390960
69900.2	69900	382272
70023.4	70000	322904
71954.4	70100	1448
71969.3	70200	0
71970.3	70300	0
71973.3	70400	1448
71974.3	70500	1448
71985.4	70600	1448
71985.5	70700	1448
71987.5	70800	1448
71987.5	70900	1448
71987.6	71000	1448
71991.4	71100	1448
71991.5	71200	1448
71993.4	71300	1448
72000.3	71400	1448
72000.4	71500	1448
72002.6	71600	1448
72003.3	71700	1448
72005.4	71800	1448
72006.3	71900	1448
72008.3	72000	1448
72101.4	72100	75296
72311.4	72200	0
72311.5	72300	0
72518.3	72400	0
72518.4	72500	0
72753.5	72600	10136
72753.6	72700	0
72959.4	72800	0
72959.5	72900	0
73161.5	73000	23168
73161.5	73100	0
73380.5	73200	10136
73380.6	73300	5792
77430.5	73400	37648
77444.5	73500	2896
77445.4	73600	2896
77446.5	73700	24616
77447.4	73800	14480
77457.5	73900	0
77457.6	74000	0
77459.6	74100	0
77459.6	74200	0
77462.5	74300	0
77462.6	74400	0
77466.5	74500	1448
77466.6	74600	4344
77469.5	74700	0
77469.6	74800	0
77472.4	74900	1448
77472.5	75000	4344
77475.4	75100	0
77475.4	75200	0
77477.4	75300	1448
77478.5	75400	1448
77480.4	75500	2896
77481.4	75600	0
77483.4	75700	1448
77484.5	75800	1448
77486.5	75900	1448
77487.5	76000	1448
77490.4	76100	1448
77491.5	76200	1448
77494.5	76300	1448
77495.5	76400	1448
77496.4	76500	1448
77497.4	76600	2896
77499.5	76700	0
77500.5	76800	1448
77500.5	76900	1448
77501.5	77000	1448
77502.4	77100	2896
77503.4	77200	1448
77504.6	77300	1448
77505.5	77400	1448
77507.5	77500	1448
77600.4	77600	124528
77700.4	77700	165072
77801.5	77800	208512
77901.5	77900	205616
78000.5	78000	202720
78102.4	78100	211408
78201.5	78200	205616
78300.5	78300	202720
78400.4	78400	211408
78500.5	78500	205616
78600.4	78600	208512
78700.5	78700	202720
78800.5	78800	208512
78900.5	78900	205616
79000.5	79000	208512
79100.5	79100	202720
79200.1	79200	208512
79300.4	79300	205616
79402.6	79400	211408
79500.5	79500	202720
79600.6	79600	205616
79700.5	79700	208512
79801.5	79800	176656
79900.5	79900	162176
80000.4	80000	167968
80101.4	80100	167968
80200.2	80200	165072
80301.5	80300	165072
80401.5	80400	165072
80501.4	80500	156384
80601.4	80600	159280
80701.5	80700	101360
80802.5	80800	92672
80908.5	80900	86880
81000.5	81000	104256
81101.5	81100	121632
81201.5	81200	118736
81300.5	81300	121632
81401.5	81400	121632
81501.4	81500	121632
81600.5	81600	118736
81854.5	81700	57920
81854.6	81800	0
82057.7	81900	0
82057.7	82000	0
82264.6	82100	1448
82264.8	82200	0
82467.6	82300	0
82467.7	82400	0
82502.5	82500	89776
82709.7	82600	1448
82709.7	82700	0
82951.6	82800	66608
82951.7	82900	0
83158.7	83000	0
83158.8	83100	0
83200.6	83200	73848
83472.6	83300	75296
83472.7	83400	0
83501.6	83500	60816
83601.5	83600	123080
83700.3	83700	118736
83802.5	83800	124528
83901.5	83900	118736
84002.1	84000	121632
84101.5	84100	121632
84200.4	84200	118736
84300.5	84300	121632
84401.5	84400	121632
84500.5	84500	121632
84601.5	84600	121632
84700.5	84700	118736
84800.5	84800	121632
84901.5	84900	121632
85001.5	85000	121632
85100.6	85100	118736
85200.4	85200	118736
85300.5	85300	124528
85402.6	85400	121632
85500.6	85500	118736
85602.6	85600	124528
85700.6	85700	118736
85800.6	85800	121632
85901.6	85900	121632
86001.6	86000	118736
86101.6	86100	112944
86325.6	86200	15928
86326.6	86300	0
86530.7	86400	0
86530.7	86500	0
86755.6	86600	21720
86755.7	86700	0
86959.8	86800	0
86959.8	86900	0
87365.7	87000	0
87381.7	87100	5792
87385.7	87200	28960
87398.7	87300	1448
87401.7	87400	2896
87664.7	87500	50680
87665.6	87600	0
87702.6	87700	69504
87802.7	87800	55024
87906.6	87900	37648
88001.6	88000	66608
88100.7	88100	147696
88201.7	88200	162176
88301.7	88300	162176
88401.6	88400	165072
88500.7	88500	167968
88600.7	88600	162176
88701.7	88700	167968
88800.7	88800	165072
88900.7	88900	165072
89001.6	89000	167968
89106.8	89100	153488
89200.7	89200	127424
89300.7	89300	124528
89556.8	89400	56472
89556.8	89500	0
89600.7	89600	91224
89852.8	89700	50680
89852.8	89800	0
89901.6	89900	91224
90136.8	90000	33304
90136.8	90100	0
90341.8	90200	0
90341.9	90300	0
90559.8	90400	23168
90559.8	90500	0
90764.8	90600	0
90764.9	90700	0
90989.7	90800	63712
90989.8	90900	0
91004.7	91000	0
91276.7	91100	99912
91276.8	91200	0
91685.8	91300	0
91685.9	91400	0
91685.9	91500	0
93194.8	91600	27512
93194.9	91700	0
93194.9	91800	0
93194.9	91900	0
93208.7	92000	0
93209.7	92100	0
93210.7	92200	0
93211.7	92300	0
93212.7	92400	0
93214.7	92500	0
93217.7	92600	0
93217.8	92700	0
93217.8	92800	0
93220.7	92900	0
93223.7	93000	1448
93223.7	93100	1448
93223.7	93200	33304
93301.7	93300	85432
93402.7	93400	115840
93636.8	93500	28960
93636.9	93600	0
93702.7	93700	99912
93800.7	93800	121632
93901.7	93900	121632
94006.7	94000	79640
94172.8	94100	0
94200.7	94200	53576
94674.9	94300	52128
94675	94400	0
94675	94500	0
94675.8	94600	0
94949.8	94700	0
94949.9	94800	1448
94949.9	94900	5792
95299.9	95000	18824
95300	95100	0
95300	95200	0
95300.7	95300	0
95514.8	95400	1448
95514.9	95500	5792
95717.8	95600	26064
95717.9	95700	0
95923.9	95800	7240
95924.8	95900	0
