0	0	1
100.923	100	194032
201.006	200	266432
474.013	300	159280
474.07	400	0
682.073	500	0
682.137	600	0
700.048	700	0
800.956	800	390960
900.979	900	141904
1002.02	1000	388064
1100.14	1100	118736
1200.02	1200	304080
1300.02	1300	390960
1401.97	1400	266432
1503.13	1500	269328
1600	1600	94120
1700.98	1700	450328
1802.01	1800	266432
1903.06	1900	272224
2001.5	2000	272224
2101.04	2100	272224
2202.05	2200	260640
2303.02	2300	267880
2402.98	2400	280912
2501.06	2500	266432
2601.85	2600	260640
2701.99	2700	299736
2802.01	2800	263536
2900.33	2900	212856
3004.05	3000	330144
3100.02	3100	269328
3202.04	3200	278016
3300.01	3300	107152
3400.06	3400	424264
3502.31	3500	269328
3601.06	3600	202720
3700	3700	343176
3801.03	3800	269328
3900	3900	208512
4000.1	4000	238920
4102.06	4100	114392
4202	4200	305528
4307.07	4300	212856
4401.22	4400	196928
4502.02	4500	202720
4602.92	4600	112944
4721.05	4700	343176
4816.18	4800	188240
4930.09	4900	246160
5018.07	5000	185344
5102.12	5100	143352
5200.04	5200	144800
5300.05	5300	295392
5400.05	5400	204168
5501.06	5500	207064
5600.05	5600	209960
5700.04	5700	204168
5800.03	5800	208512
5900.02	5900	207064
6000.01	6000	205616
6101.03	6100	211408
6200.07	6200	201272
6300.03	6300	207064
6401.81	6400	208512
6500.05	6500	85432
6600.05	6600	324352
6700.13	6700	208512
6801.13	6800	130320
6900.41	6900	285256
7000.06	7000	205616
7100.12	7100	191136
7200.06	7200	220096
7301.06	7300	211408
7400.04	7400	202720
7500.51	7500	202720
7600.09	7600	82536
7700.11	7700	163624
7800.11	7800	254848
7902.13	7900	167968
8000.33	8000	104256
8100.07	8100	225888
8200.07	8200	165072
8300.07	8300	123080
8401.07	8400	211408
8505.11	8500	167968
8600.09	8600	162176
8700.14	8700	153488
8800.07	8800	179552
8904.14	8900	167968
9001.14	9000	159280
9103.09	9100	173760
9200.12	9200	162176
9301.11	9300	165072
9401.12	9400	165072
9503.13	9500	169416
9604.13	9600	167968
9702.15	9700	102808
9803.14	9800	218648
9901.11	9900	173760
10009.3	10000	127424
10100.1	10100	194032
10227.2	10200	205616
10314.1	10300	156384
10412.2	10400	153488
10501.6	10500	153488
10604.2	10600	63712
10704.2	10700	262088
10800.1	10800	173760
10900.2	10900	169416
11002.2	11000	166520
11100.1	11100	15928
11200.1	11200	0
11301.4	11300	251952
11402.1	11400	118736
11501.2	11500	50680
11601.2	11600	85432
11700.1	11700	121632
11800.1	11800	60816
11901	11900	91224
12001.5	12000	111496
12101.3	12100	55024
12200.1	12200	112944
12300.2	12300	30408
12402.1	12400	141904
12500.2	12500	60816
12602.3	12600	70952
12700.2	12700	120184
12801.2	12800	86880
12902.2	12900	41992
13001.1	13000	125976
13101.2	13100	85432
13200.2	13200	83984
13300.2	13300	52128
13401.2	13400	117288
13500.2	13500	37648
13600.2	13600	131768
13701.2	13700	41992
13802.2	13800	128872
13902.3	13900	85432
14001.2	14000	49232
14103.3	14100	121632
14201.2	14200	41992
14300.2	14300	104256
14428.2	14400	95568
14594.3	14500	0
14807.3	14600	0
14807.4	14700	0
14807.4	14800	0
14903.2	14900	95568
15002.2	15000	89776
15102.2	15100	83984
15200.2	15200	57920
15303.3	15300	108600
15402.3	15400	88328
15511.9	15500	21720
15611.3	15600	156384
15703.2	15700	73848
15801.2	15800	31856
15900.2	15900	128872
16000.2	16000	95568
16103.3	16100	43440
16201.2	16200	125976
16300.2	16300	83984
16404.2	16400	49232
16502.2	16500	76744
16605.3	16600	137560
16700.2	16700	59368
16800.2	16800	108600
16900.2	16900	56472
17001.2	17000	112944
17101.2	17100	85432
17201.3	17200	36200
17300.3	17300	133216
17400.3	17400	40544
17502.2	17500	130320
17600.2	17600	50680
17700.3	17700	101360
17801.3	17800	99912
17901.2	17900	60816
18000.3	18000	63712
18103.3	18100	133216
18200.3	18200	81088
18432.4	18300	14480
18432.5	18400	0
18636.4	18500	0
18636.4	18600	0
18700.3	18700	94120
18803.3	18800	83984
18903.3	18900	56472
19004.3	19000	115840
19106.3	19100	86880
19200.3	19200	53576
19303.3	19300	112944
19400.3	19400	68056
19500.3	19500	53576
19602.4	19600	130320
19702.3	19700	89776
19800.3	19800	81088
19900.3	19900	66608
20001.4	20000	102808
20102.3	20100	94120
20202.3	20200	27512
20303.3	20300	134664
20410.3	20400	89776
20501.3	20500	41992
20602.3	20600	121632
20703.3	20700	40544
20807.3	20800	137560
20909.3	20900	49232
21004.3	21000	120184
21101.3	21100	31856
21201.3	21200	108600
21303.3	21300	114392
21401.5	21400	39096
21500.3	21500	127424
21602.3	21600	86880
21700.3	21700	83984
21801.4	21800	66608
22248.4	21900	14480
22273.4	22000	10136
22282.5	22100	18824
22298.4	22200	1448
22304.3	22300	2896
22400.3	22400	55024
22502.3	22500	92672
22600.4	22600	53576
22700.3	22700	95568
22806.4	22800	105704
22900.4	22900	66608
23000.3	23000	101360
23100.5	23100	56472
23201.4	23200	112944
23300.4	23300	57920
23404.4	23400	112944
23501.4	23500	83984
23602.7	23600	50680
23702.4	23700	120184
23800.4	23800	37648
23902.4	23900	130320
24002.4	24000	44888
24101.4	24100	121632
24204.5	24200	31856
24302.9	24300	137560
24405.4	24400	49232
24503.4	24500	123080
24608.4	24600	44888
24700.4	24700	121632
24803.4	24800	65160
24902.5	24900	102808
25004.1	25000	79640
25102.4	25100	92672
25200.4	25200	44888
25312.4	25300	133216
25401.4	25400	31856
25501.4	25500	123080
25602.5	25600	91224
25704.4	25700	85432
25911.5	25800	1448
25911.5	25900	0
26115.5	26000	0
26115.6	26100	0
26203.4	26200	102808
26300.5	26300	73848
26402.4	26400	95568
26500.5	26500	27512
26603.5	26600	141904
26700.7	26700	33304
26801.5	26800	134664
26902.5	26900	86880
27005.3	27000	83984
27100.9	27100	36200
27202.4	27200	134664
27301.5	27300	26064
27400.5	27400	140456
27502.6	27500	62264
27602.5	27600	108600
27704.5	27700	86880
27804.5	27800	83984
27900.5	27900	57920
28006.5	28000	111496
28103.5	28100	43440
28200.5	28200	124528
28302.5	28300	86880
28403.5	28400	50680
28503.5	28500	120184
28600.5	28600	79640
28702.6	28700	73848
28801.5	28800	98464
28900.5	28900	31856
29001.5	29000	131768
29236.6	29100	0
29236.7	29200	0
29300.5	29300	110048
29402.5	29400	83984
29502.5	29500	79640
29605.5	29600	78192
29705.5	29700	98464
29800.5	29800	82536
29911.6	29900	60816
30007.6	30000	112944
30105.5	30100	26064
30208.5	30200	141904
30301.6	30300	53576
30403.5	30400	112944
30500.5	30500	39096
30604.5	30600	127424
30702.5	30700	81088
30800.6	30800	86880
30900.5	30900	68056
31002.5	31000	110048
31101.5	31100	75296
31201.7	31200	92672
31300.6	31300	79640
31400.6	31400	40544
31503.6	31500	131768
31602.6	31600	46336
31705.6	31700	125976
31801.6	31800	52128
31903.6	31900	112944
32005.6	32000	86880
32101.6	32100	39096
32200.7	32200	120184
32300.6	32300	92672
32408.6	32400	95568
32500.6	32500	27512
32601.7	32600	115840
32700.6	32700	178104
32801.6	32800	356208
32901.6	32900	344624
33002.6	33000	338832
33103.6	33100	411232
33205.6	33200	353312
33303.6	33300	359104
33406.7	33400	357656
33500.6	33500	356208
33600.6	33600	367792
33706.7	33700	356208
33800.6	33800	356208
33901.7	33900	364896
34000.6	34000	356208
34102.6	34100	370688
34200.7	34200	351864
34300.7	34300	356208
34400.6	34400	364896
34500.6	34500	356208
34600.6	34600	362000
34701.7	34700	359104
34800.7	34800	362000
34900.7	34900	362000
35006.7	35000	353312
35105.7	35100	367792
35201.7	35200	333040
35300.6	35300	353312
35409.8	35400	411232
35507.7	35500	111496
35600.6	35600	586440
35700.7	35700	347520
35808.7	35800	366344
35902.7	35900	304080
36018.7	36000	490872
36116.7	36100	320008
36200.9	36200	328696
36478.8	36300	41992
36478.9	36400	0
36504.7	36500	0
36601.8	36600	586440
