0	0	1
186.937	100	1448
200.928	200	14480
350.954	300	55024
430.875	400	2896
500.956	500	2896
600.004	600	532864
700.003	700	509696
807.999	800	514040
909.96	900	141904
1006.92	1000	205616
1100.11	1100	211408
1200.94	1200	335936
1300.9	1300	390960
1400	1400	469152
1500.04	1500	506800
1600	1600	576304
1700	1700	567616
1800.88	1800	515488
1900.09	1900	459016
2001.96	2000	515488
2100.01	2100	548792
2209.02	2200	485080
2302.91	2300	490872
2401.01	2400	624088
2689.95	2500	483632
2690.05	2600	0
2700.92	2700	0
2968.99	2800	390960
2969.08	2900	0
3000.89	3000	136112
3100.86	3100	495216
3200.92	3200	441640
3465.99	3300	314216
3466.95	3400	0
3503.95	3500	189688
3602.97	3600	347520
3889.06	3700	366344
3889.15	3800	0
3911.02	3900	1448
4000.11	4000	398200
4251.98	4100	183896
4252.96	4200	0
4472.1	4300	0
4472.21	4400	0
4500.01	4500	147696
4602.96	4600	295392
4703.02	4700	314216
4924.06	4800	86880
4924.14	4900	0
5000.99	5000	250504
5110.94	5100	311320
5278.06	5200	0
5484.06	5300	0
5484.14	5400	0
5500	5500	26064
5634.99	5600	204168
5741.02	5700	105704
5850.11	5800	111496
5901	5900	57920
6011.02	6000	123080
6101.05	6100	125976
6211.02	6200	131768
6300.98	6300	275120
6400.07	6400	459016
6503.04	6500	534312
6601	6600	443088
6700	6700	515488
6989.06	6800	324352
6989.16	6900	0
7000	7000	0
7103.04	7100	350416
7200.04	7200	225888
7300	7300	240368
7401.07	7400	264984
7500.05	7500	243264
7608.12	7600	254848
7700.07	7700	337384
7805.02	7800	306976
7902.07	7900	311320
8123.17	8000	95568
8123.26	8100	0
8205.06	8200	238920
8302.16	8300	222992
8576.13	8400	192584
8576.25	8500	0
8606.15	8600	70952
8702.08	8700	189688
8800.07	8800	266432
9095.12	8900	254848
9095.23	9000	0
9100.05	9100	0
9200.04	9200	198376
9417.19	9300	14480
9417.26	9400	0
9503.11	9500	183896
9604.17	9600	238920
9706.15	9700	194032
9880.11	9800	0
9900.03	9900	56472
10004.1	10000	230232
10100.1	10100	315664
10204.1	10200	338832
10300	10300	421368
10400.1	10400	425712
10500	10500	492320
10600.1	10600	506800
10700.1	10700	602368
10800.1	10800	590784
10900.1	10900	602368
11000.1	11000	602368
11100.1	11100	557480
11211.1	11200	363448
11316.1	11300	270776
11411.1	11400	276568
11501	11500	451776
11600.2	11600	547344
11700.1	11700	608160
11800.1	11800	592232
11900.1	11900	608160
12000.1	12000	602368
12101.1	12100	593680
12200.1	12200	608160
12300.1	12300	596576
12400.1	12400	589336
12500.2	12500	603816
12600.1	12600	589336
12701.2	12700	608160
12800.1	12800	583544
12901.1	12900	602368
13000.1	13000	608160
13101.1	13100	602368
13200.2	13200	582096
13300.1	13300	613952
13400.2	13400	583544
13503.2	13500	638568
13600.2	13600	561824
13700.2	13700	587888
13800.1	13800	603816
13900.1	13900	587888
14000.1	14000	569064
14100.2	14100	556032
14201.2	14200	600920
14300.1	14300	613952
14400.3	14400	579200
14650.2	14500	273672
14650.3	14600	0
14869.3	14700	7240
14869.4	14800	0
15087.2	14900	399648
15088.2	15000	0
15100.2	15100	0
15391.3	15200	412680
15391.4	15300	0
15400.1	15400	0
15503.2	15500	503904
15608.1	15600	486528
15701.2	15700	508248
15800.2	15800	524176
15900.2	15900	553136
16005.2	16000	485080
16236.2	16100	157832
16236.3	16200	0
16305.2	16300	163624
16470.3	16400	0
16690.2	16500	5792
16690.3	16600	0
16704.3	16700	68056
16815.2	16800	244712
16903.3	16900	320008
17007.3	17000	477840
17100.2	17100	346072
17200.3	17200	412680
17300.2	17300	441640
17400.2	17400	525624
17500.2	17500	486528
17730.2	17600	81088
17731.2	17700	0
17976.3	17800	147696
17976.4	17900	0
18000.4	18000	1448
18100.3	18100	392408
18200.3	18200	447432
18303.3	18300	440192
18403.3	18400	417024
18615.3	18500	49232
18615.4	18600	0
18821.3	18700	0
18821.4	18800	0
18900.2	18900	238920
19158.2	19000	143352
19159.2	19100	0
19203.3	19200	112944
19325.3	19300	228784
19490.3	19400	0
19517.4	19500	1448
19790.3	19600	211408
19791.3	19700	0
19800.2	19800	0
19931.4	19900	246160
20103.4	20000	0
20103.5	20100	0
20333.4	20200	59368
20333.5	20300	0
20400.3	20400	154936
20612.4	20500	17376
20612.4	20600	0
20700.3	20700	169416
20800.2	20800	228784
20900.3	20900	269328
21000.3	21000	340280
21101.3	21100	315664
21390.4	21200	260640
21390.5	21300	0
21594.4	21400	0
21594.6	21500	0
21600.3	21600	0
21710.3	21700	167968
21879.4	21800	0
22113.4	21900	47784
22113.4	22000	0
22113.5	22100	0
22200.3	22200	189688
22412.4	22300	18824
22412.5	22400	0
22507.3	22500	178104
22729.3	22600	37648
22729.4	22700	0
22805.2	22800	133216
22903.4	22900	196928
23173.3	23000	110048
23174.3	23100	0
23202.3	23200	62264
23300.2	23300	188240
23400.3	23400	211408
23504.4	23500	186792
23602.4	23600	176656
23701.3	23700	175208
23801.5	23800	147696
23901.3	23900	194032
24000.4	24000	178104
24102.4	24100	244712
24200.5	24200	289600
24425.3	24300	41992
24425.5	24400	0
24500.4	24500	134664
24739.4	24600	40544
24739.5	24700	0
24800.3	24800	94120
24900.3	24900	234576
25000.5	25000	243264
25100.3	25100	179552
25200.4	25200	246160
25301.5	25300	318560
25400.4	25400	318560
25500.4	25500	363448
25600.4	25600	375032
25700.4	25700	364896
25800.3	25800	314216
25907.4	25900	363448
26001.4	26000	398200
26100.4	26100	438744
26200.3	26200	543000
26343.4	26300	443088
26400.4	26400	204168
26504.4	26500	409784
26603.4	26600	470600
26700.4	26700	482184
26800.4	26800	485080
26900.3	26900	456120
27000.3	27000	437296
27102.5	27100	344624
27200.4	27200	270776
27301.5	27300	263536
27400.5	27400	263536
27501.4	27500	257744
27600.5	27600	251952
27702.4	27700	269328
27801.5	27800	254848
27908.4	27900	335936
28000.5	28000	401096
28101.5	28100	485080
28204.4	28200	430056
28326.5	28300	280912
28489.4	28400	0
28695.5	28500	0
28696.4	28600	0
28700.4	28700	0
28800.4	28800	411232
29062.5	28900	160728
29062.6	29000	0
29100.5	29100	139008
29200.4	29200	286704
29446.4	29300	130320
29446.5	29400	0
29505.5	29500	108600
29718.5	29600	31856
29718.6	29700	0
29801.5	29800	234576
29901.5	29900	318560
30009.5	30000	286704
30100.5	30100	335936
30200.4	30200	257744
30300.7	30300	202720
30400.4	30400	254848
30502.4	30500	247608
30600.4	30600	217200
30700.4	30700	196928
30800.4	30800	202720
30901.4	30900	205616
31000.4	31000	199824
31101.4	31100	205616
31200.5	31200	199824
31303.5	31300	181000
31422.5	31400	256296
31511.5	31500	185344
31609.5	31600	182448
31700.4	31700	178104
31802.5	31800	240368
31900.5	31900	278016
32001.6	32000	260640
32100.4	32100	257744
32200.5	32200	263536
32300.4	32300	263536
32408.5	32400	266432
32500.5	32500	220096
32600.5	32600	304080
32700.5	32700	350416
32800.5	32800	312768
32900.4	32900	321456
33000.5	33000	353312
33100.5	33100	367792
33201.5	33200	370688
33300	33300	373584
33400.5	33400	363448
33501.5	33500	380824
33600.6	33600	344624
33700.5	33700	353312
33800	33800	356208
33900.5	33900	341728
34005.6	34000	327248
34102.6	34100	162176
34202.5	34200	334488
34300.1	34300	306976
34400.5	34400	327248
34501.5	34500	314216
34601.5	34600	272224
34702.5	34700	298288
34800.6	34800	298288
34902.6	34900	283808
35001.6	35000	269328
35100.6	35100	220096
35205.6	35200	205616
35301.6	35300	263536
35400.6	35400	272224
35500.5	35500	263536
35600.6	35600	266432
35700.6	35700	266432
35800.5	35800	266432
35900.6	35900	234576
36000.6	36000	202720
36101.6	36100	185344
36202.5	36200	230232
36300.5	36300	202720
36400.6	36400	199824
36500.5	36500	202720
36600.7	36600	199824
36700.6	36700	202720
36802.6	36800	176656
36901.6	36900	147696
37022.6	37000	192584
37111.6	37100	139008
37201.6	37200	146248
37300.6	37300	170864
37400.5	37400	170864
37500.6	37500	173760
37600.6	37600	196928
37700.6	37700	196928
37800.5	37800	199824
37904.6	37900	179552
38010.6	38000	205616
38100.6	38100	194032
38201.6	38200	211408
38301.6	38300	202720
38400.6	38400	194032
38505.5	38500	199824
38600.6	38600	211408
38700.6	38700	196928
38801.6	38800	205616
38901.6	38900	205616
39000.6	39000	121632
39109.6	39100	279464
39200.6	39200	170864
39300.3	39300	162176
39400.6	39400	167968
39501.6	39500	167968
39600.6	39600	159280
39701.6	39700	176656
39800.6	39800	199824
39900.7	39900	217200
40000.7	40000	257744
40100.6	40100	269328
40200.7	40200	356208
40300.3	40300	344624
40400.7	40400	350416
40500.6	40500	377928
40600.6	40600	377928
40700.6	40700	393856
40800.6	40800	379376
40900.7	40900	379376
41000.7	41000	388064
41100.7	41100	382272
41200.6	41200	385168
41300.6	41300	385168
41400.6	41400	388064
41500.6	41500	388064
41601.7	41600	383720
41700.7	41700	364896
41800.4	41800	363448
41921.7	41900	411232
42010.7	42000	237472
42101.7	42100	244712
42201.8	42200	199824
42301.7	42300	241816
42402.9	42400	150592
42502.6	42500	115840
42600.6	42600	101360
42702.6	42700	115840
42800.7	42800	118736
42901.7	42900	162176
43002.6	43000	179552
43100.7	43100	208512
43201.7	43200	237472
43300.7	43300	263536
43400.7	43400	280912
43500.7	43500	350416
43600.7	43600	356208
43700.7	43700	364896
43800.7	43800	366344
43900.7	43900	393856
44000.7	44000	380824
44100.8	44100	379376
44201.7	44200	386616
44300.7	44300	373584
44400.8	44400	376480
44501.8	44500	389512
44600.7	44600	385168
44700.8	44700	390960
44801.2	44800	379376
44900.6	44900	382272
45000.7	45000	370688
45101.8	45100	356208
45200.7	45200	353312
45301.2	45300	269328
45400	45400	146248
45503.7	45500	259192
45602.8	45600	176656
45701.8	45700	176656
45801.2	45800	179552
45903.8	45900	202720
46000.7	46000	278016
46103.8	46100	333040
46200.7	46200	379376
46300.8	46300	359104
46400.7	46400	362000
46500.7	46500	353312
46607.8	46600	335936
46700.7	46700	333040
46800.7	46800	353312
46900.7	46900	353312
47000.7	47000	356208
47100.7	47100	362000
47200.8	47200	351864
47312.8	47300	299736
47426.8	47400	334488
47521.8	47500	254848
47612.8	47600	304080
47700.8	47700	298288
47801.8	47800	343176
47907.9	47900	309872
48000.8	48000	269328
48101.8	48100	272224
48200.8	48200	269328
48300.7	48300	269328
48400.8	48400	266432
48500.8	48500	269328
48600.9	48600	134664
48700.8	48700	398200
48800.8	48800	269328
48900	48900	266432
49008.8	49000	275120
49101.9	49100	266432
49201	49200	266432
49300.8	49300	269328
49400.8	49400	272224
49500.8	49500	270776
49600.8	49600	263536
49700.9	49700	266432
49800.8	49800	275120
49900.8	49900	266432
50000.9	50000	246160
50100.8	50100	214304
50200.9	50200	185344
50301.8	50300	188240
50406.8	50400	176656
50501.9	50500	176656
50603.8	50600	179552
50700.8	50700	231680
50800.8	50800	266432
50900.8	50900	266432
51000.8	51000	269328
51101.8	51100	269328
51200.9	51200	202720
51300.8	51300	208512
51401.9	51400	208512
51500.9	51500	196928
51600.9	51600	162176
51700.9	51700	167968
51802.8	51800	153488
51900.9	51900	69504
52001.9	52000	185344
52101.8	52100	118736
52355	52200	57920
52355	52300	0
52560	52400	0
52560.1	52500	0
52618.9	52600	91224
52841	52700	2896
52841	52800	0
52901.9	52900	83984
53000.9	53000	121632
53102.9	53100	121632
53201.9	53200	118736
53300.9	53300	139008
53401.9	53400	167968
53501.9	53500	167968
53600.9	53600	162176
53700.9	53700	165072
53800.9	53800	167968
53900.9	53900	167968
54000.9	54000	162176
54101.9	54100	167968
54200.9	54200	165072
54300.9	54300	167968
54400.9	54400	98464
54502.9	54500	152040
54602.9	54600	121632
54883	54700	92672
54883.1	54800	0
55088	54900	0
55088.1	55000	0
55102.9	55100	10136
55202.9	55200	146248
55300	55300	115840
55401	55400	121632
55500	55500	144800
55602.9	55600	167968
55701	55700	165072
55801.9	55800	167968
55902	55900	167968
56001	56000	162176
56100.9	56100	188240
56200	56200	205616
56300	56300	202720
56401	56400	202720
56500.1	56500	208512
56600.9	56600	205616
56700	56700	205616
56801.9	56800	208512
56900.1	56900	199824
57000.9	57000	199824
57100	57100	202720
57201	57200	208512
57300	57300	199824
57400	57400	110048
57501	57500	227336
57600	57600	147696
57722.9	57700	163624
57800.9	57800	86880
57900	57900	112944
58002	58000	95568
58211	58100	5792
58211.1	58200	0
58467	58300	95568
58467.1	58400	0
58506	58500	37648
58735	58600	14480
58735.1	58700	0
58933.1	58800	0
58933.2	58900	0
59340.1	59000	0
59358.1	59100	1448
59560.1	59200	0
59560.2	59300	0
59762	59400	0
59967	59500	0
60172	59600	24616
60172.2	59700	1448
60172.2	59800	1448
60172.2	59900	0
60173	60000	4344
60173	60100	0
60202	60200	13032
60300	60300	127424
60402	60400	156384
60500.1	60500	162176
60602	60600	170864
60700	60700	165072
60801	60800	182448
60901.1	60900	202720
61000.1	61000	208512
61101	61100	205616
61201.1	61200	205616
61301	61300	208512
61400.1	61400	202720
61502.1	61500	211408
61601	61600	205616
61700.1	61700	202720
61800.2	61800	208512
61901.1	61900	211408
62001.1	62000	202720
62100	62100	211408
62200.1	62200	208512
62301.9	62300	211408
62401.2	62400	202720
62501	62500	205616
62600	62600	208512
62701	62700	205616
62802	62800	202720
62912	62900	230232
63003	63000	179552
63100	63100	79640
63200.1	63200	259192
63300.1	63300	162176
63400.2	63400	156384
63502.1	63500	121632
63788.2	63600	98464
63788.3	63700	0
63807.2	63800	0
64149.1	63900	0
65292.3	64000	60816
65307.1	64100	1448
65308.1	64200	1448
65309.1	64300	1448
65310.1	64400	1448
65311	64500	1448
65313.1	64600	1448
65315.1	64700	1448
65315.2	64800	1448
65317.4	64900	1448
65317.4	65000	1448
65318.1	65100	1448
65321.1	65200	1448
65321.2	65300	1448
65401.1	65400	97016
65502.1	65500	124528
65601.1	65600	115840
65701.1	65700	121632
65800.1	65800	118736
65901.1	65900	121632
66001.1	66000	147696
66100.1	66100	165072
66200.1	66200	159280
66300.1	66300	167968
66400.1	66400	165072
66501.1	66500	165072
66600.1	66600	167968
66701.1	66700	162176
66801.1	66800	165072
66901.1	66900	162176
67000.1	67000	165072
67109.1	67100	167968
67201.1	67200	159280
67300.1	67300	165072
67400.1	67400	162176
67508.2	67500	83984
67601.1	67600	221544
67709.2	67700	136112
67802.1	67800	101360
67922.2	67900	143352
68001.1	68000	83984
68100.2	68100	118736
68331.3	68200	33304
68331.4	68300	0
68537.3	68400	0
68537.4	68500	0
68600.2	68600	110048
68862.2	68700	66608
69067.2	68800	0
69067.3	68900	0
69067.3	69000	0
69285.2	69100	0
69285.3	69200	0
69490.2	69300	0
69490.3	69400	0
69693.2	69500	1448
69693.4	69600	0
69709.2	69700	40544
69832.2	69800	92672
70002.3	69900	0
70002.4	70000	0
70206.3	70100	0
70206.4	70200	0
70410.3	70300	1448
70410.4	70400	8688
70501.2	70500	83984
