0	0	1
100.007	100	52128
201.939	200	157832
303.04	300	112944
406.916	400	175208
501.949	500	21720
604.038	600	63712
702.954	700	83984
803.969	800	124528
1040.98	900	40544
1041.04	1000	0
1237.01	1100	0
1237.07	1200	0
1301.96	1300	75296
1400.96	1400	92672
1503.97	1500	121632
1601.96	1600	156384
1700.98	1700	162176
1800.51	1800	165072
1901.04	1900	165072
2001.94	2000	167968
2100	2100	165072
2200.1	2200	165072
2301.93	2300	167968
2400.02	2400	162176
2500.97	2500	167968
2600.97	2600	167968
2703.01	2700	165072
2801.94	2800	167968
2901.96	2900	165072
3001.95	3000	167968
3100.03	3100	162176
3323.99	3200	15928
3530.04	3300	0
3530.08	3400	0
3530.12	3500	0
3601.04	3600	55024
3706.01	3700	97016
3804.04	3800	83984
3903.98	3900	95568
4000.24	4000	81088
4100.97	4100	86880
4203.98	4200	86880
4303.99	4300	83984
4402.96	4400	83984
4501	4500	83984
4602.99	4600	86880
4703.02	4700	81088
4800.03	4800	46336
4904.02	4900	124528
5003.02	5000	83984
5102.02	5100	83984
5216.23	5200	86880
5305.03	5300	81088
5401.04	5400	86880
5501	5500	83984
5601	5600	83984
5703.01	5700	86880
5808.08	5800	86880
5901.08	5900	75296
6001.02	6000	83984
6103.09	6100	86880
6205.03	6200	86880
6304.18	6300	85432
6400.01	6400	62264
6503.04	6500	81088
6600.1	6600	78192
6700.02	6700	86880
7157.18	6800	20272
7157.26	6900	0
7157.28	7000	0
7158.14	7100	0
7200.06	7200	27512
7300.04	7300	160728
7401.03	7400	167968
7500.02	7500	165072
7601.06	7600	165072
7701.36	7700	167968
7800.06	7800	165072
7902.12	7900	166520
8000.06	8000	162176
8100.05	8100	167968
8200.05	8200	165072
8300.07	8300	165072
8400.65	8400	165072
8501.04	8500	167968
8600.12	8600	165072
8700.11	8700	167968
8800.16	8800	157832
8905.14	8900	179552
9001.13	9000	121632
9103.12	9100	133216
9200.11	9200	153488
9301.1	9300	162176
9400.16	9400	182448
9507.14	9500	159280
9607.23	9600	179552
9700.11	9700	156384
9801.7	9800	165072
9908.1	9900	165072
10000.1	10000	167968
10102.2	10100	159280
10200.1	10200	173760
10302.1	10300	167968
10744.2	10400	34752
10744.3	10500	0
10744.3	10600	0
10746.2	10700	0
10800.1	10800	85432
10961.1	10900	95568
11028.1	11000	41992
11110.2	11100	78192
11200.2	11200	91224
11308.1	11300	182448
11402.2	11400	144800
11500.1	11500	159280
11601.1	11600	167968
11707.2	11700	173760
11808.2	11800	167968
11901.1	11900	156384
12000.1	12000	159280
12103.2	12100	173760
12200.1	12200	162176
12300.2	12300	165072
12401.2	12400	165072
12500.2	12500	167968
12602.2	12600	170864
12701.2	12700	159280
12801.2	12800	165072
12908.2	12900	182448
13001.1	13000	165072
13100.1	13100	165072
13200.1	13200	167968
13300.2	13300	121632
13401.1	13400	212856
13500.1	13500	162176
13601.8	13600	167968
13700.2	13700	165072
13801.2	13800	167968
13900.2	13900	162176
14149.3	14000	40544
14348.3	14100	0
14348.4	14200	0
14348.4	14300	0
14401.2	14400	65160
14502.1	14500	136112
14601.2	14600	167968
14710.3	14700	196928
14807.3	14800	185344
14908.2	14900	220096
15001.2	15000	194032
15100.4	15100	202720
15200.2	15200	205616
15301.2	15300	211408
15400.2	15400	202720
15500.2	15500	208512
15601.2	15600	205616
15700.2	15700	208512
15802.2	15800	211408
15900.2	15900	202720
16001.2	16000	205616
16100.2	16100	208512
16220.3	16200	241816
16310.5	16300	188240
16401.3	16400	188240
16500.2	16500	204168
16600.2	16600	209960
16700.2	16700	204168
16800.2	16800	205616
16901.3	16900	208512
17001.2	17000	211408
17101.3	17100	202720
17200.2	17200	208512
17300.3	17300	205616
17588.3	17400	162176
17590.2	17500	0
17600.3	17600	0
17820.3	17700	1448
17820.4	17800	31856
17900.3	17900	234576
18001.2	18000	156384
18101.2	18100	159280
18202.3	18200	167968
18300.3	18300	165072
18403.3	18400	165072
18501.4	18500	170864
18600.3	18600	173760
18702.5	18700	165072
18801.2	18800	167968
18900.2	18900	165072
19002.3	19000	170864
19100.3	19100	159280
19200.3	19200	165072
19301.2	19300	170864
19401.3	19400	165072
19500.2	19500	165072
19600.3	19600	165072
19700.3	19700	165072
19800.3	19800	167968
19900.4	19900	162176
20002.3	20000	167968
20100.3	20100	166520
20200.3	20200	159280
20304.3	20300	167968
20400.4	20400	162176
20500.3	20500	165072
20600.3	20600	170864
20704.4	20700	165072
20800.1	20800	162176
20900.3	20900	167968
21006.3	21000	167968
21100.3	21100	162176
21341.4	21200	39096
21341.5	21300	0
21547.4	21400	0
21547.5	21500	0
21619.5	21600	110048
21702.3	21700	55024
21801.3	21800	156384
21901.3	21900	162176
22004.4	22000	165072
22100.3	22100	167968
22202.4	22200	167968
22300.3	22300	159280
22401.3	22400	167968
22501.3	22500	167968
22600.3	22600	165072
22700.3	22700	162176
22801.4	22800	167968
22900.3	22900	165072
23000.3	23000	167968
23100.3	23100	167968
23201.3	23200	165072
23302.3	23300	167968
23400.3	23400	162176
23500.4	23500	165072
23601.3	23600	167968
23700.3	23700	165072
23800.4	23800	167968
23900.3	23900	162176
24004.6	24000	162176
24101.4	24100	150592
24212.4	24200	170864
24305.4	24300	156384
24400.4	24400	162176
24502.5	24500	173760
24601.3	24600	173760
24700.4	24700	162176
24965.5	24800	44888
25166.6	24900	0
25166.7	25000	0
25166.7	25100	0
25202.4	25200	36200
25301.5	25300	162176
25402.4	25400	153488
25507.5	25500	173760
25602.4	25600	159280
25701.5	25700	191136
25802.4	25800	196928
25900.4	25900	205616
26008.5	26000	234576
26101.4	26100	191136
26204.5	26200	196928
26306.5	26300	202720
26402.5	26400	208512
26500.4	26500	208512
26628.5	26600	262088
26719.5	26700	141904
26802.4	26800	150592
26902.4	26900	208512
27000.5	27000	202720
27103.5	27100	202720
27202.5	27200	211408
27301.5	27300	208512
27400.5	27400	208512
27500.4	27500	217200
27602.4	27600	205616
27700.4	27700	208512
27800.5	27800	211408
27900.4	27900	202720
28000.4	28000	208512
28100.5	28100	205616
28201.2	28200	208512
28301.6	28300	192584
28564.5	28400	0
28564.5	28500	0
28601.5	28600	85432
28704.6	28700	182448
28803.5	28800	130320
28901.5	28900	147696
29008.5	29000	182448
29101.5	29100	147696
29204.5	29200	167968
29302.5	29300	176656
29403.5	29400	170864
29500.5	29500	159280
29601.5	29600	165072
29700.5	29700	156384
29800.7	29800	176656
29900.5	29900	162176
30004.5	30000	167968
30101.5	30100	170864
30209.5	30200	176656
30301.6	30300	153488
30401.5	30400	162176
30501.5	30500	173760
30600.5	30600	162176
30700.5	30700	159280
30804.8	30800	176656
30900.5	30900	125976
31000.5	31000	199824
31100.5	31100	162176
