0	0	1
221.978	100	2896
222.042	200	0
426.033	300	0
426.116	400	0
500.934	500	150592
600.033	600	375032
705.945	700	362000
801.096	800	369240
900.969	900	318560
1000.92	1000	383720
1100.95	1100	370688
1206.92	1200	344624
1308.96	1300	376480
1402.01	1400	363448
1500.93	1500	376480
1600.95	1600	360552
1700.94	1700	363448
1821	1800	344624
1900.99	1900	369240
2001.05	2000	367792
2100.98	2100	382272
2200.08	2200	364896
2300.95	2300	377928
2403.98	2400	357656
2500.96	2500	376480
2600.98	2600	369240
2700.94	2700	370688
2805.05	2800	364896
2900.99	2900	369240
3000	3000	369240
3101.02	3100	360552
3201.05	3200	364896
3301.22	3300	364896
3401.02	3400	353312
3500.16	3500	373584
3600.02	3600	362000
3701.99	3700	367792
3800	3800	346072
3900.99	3900	383720
4000.95	4000	370688
4101.01	4100	362000
4206.01	4200	357656
4301.04	4300	376480
4401.08	4400	357656
4501.02	4500	360552
4603.98	4600	353312
4703.16	4700	347520
4800.03	4800	369240
4901	4900	357656
5001.01	5000	331592
5100	5100	367792
5204.02	5200	333040
5300.02	5300	367792
5401	5400	359104
5500.03	5500	344624
5609.09	5600	363448
5701.24	5700	343176
5800.35	5800	341728
5901.03	5900	357656
6005.11	6000	343176
6106.03	6100	348968
6200.03	6200	372136
6300.19	6300	359104
6403.09	6400	341728
6500.02	6500	373584
6600.04	6600	331592
6700.07	6700	366344
6800.02	6800	347520
6901.06	6900	341728
7001.06	7000	341728
7100.04	7100	315664
7201.02	7200	372136
7306.1	7300	331592
7400.06	7400	363448
7500.13	7500	335936
7600.09	7600	318560
7701.07	7700	395304
7801.06	7800	337384
7900.11	7900	321456
8001.14	8000	333040
8102.15	8100	306976
8207.16	8200	363448
8305.22	8300	321456
8400.04	8400	367792
8513.12	8500	333040
8600.07	8600	360552
8700.13	8700	306976
8804.08	8800	377928
8901.09	8900	334488
9001.16	9000	322904
9102.27	9100	335936
9203.11	9200	348968
9301.08	9300	354760
9405.08	9400	334488
9500.07	9500	333040
9601.12	9600	348968
9701.1	9700	347520
9800.12	9800	318560
9900.1	9900	334488
10001.1	10000	325800
10101.2	10100	302632
10200.1	10200	333040
10300.1	10300	340280
10407.2	10400	333040
10506.2	10500	272224
10604.1	10600	40544
10708.1	10700	40544
10803.5	10800	295392
10905.2	10900	337384
11008.2	11000	338832
11100.3	11100	320008
11200.1	11200	328696
11301.2	11300	340280
11400.1	11400	328696
11504.2	11500	325800
11605.2	11600	341728
11701.1	11700	304080
11801.3	11800	270776
11900.1	11900	305528
12000.2	12000	315664
12101.1	12100	283808
12201.1	12200	299736
12300.1	12300	299736
12401.2	12400	309872
12500.1	12500	299736
12601.2	12600	285256
12701.2	12700	305528
12804.2	12800	301184
12901.1	12900	278016
13000.2	13000	304080
13105.2	13100	293944
13200.3	13200	302632
13305.2	13300	288152
13401.2	13400	309872
13558.3	13500	327248
13603.2	13600	65160
13733.2	13700	217200
13843.2	13800	24616
13900.2	13900	94120
14000.2	14000	269328
14101.2	14100	302632
14200.2	14200	275120
14300.2	14300	288152
14400.2	14400	260640
14501.3	14500	263536
14600.2	14600	286704
14701.3	14700	263536
14800.2	14800	288152
14903.2	14900	272224
15001.3	15000	260640
15101.2	15100	301184
15200.2	15200	260640
15309.2	15300	269328
15400.3	15400	263536
15501.2	15500	278016
15600.2	15600	278016
15700.3	15700	249056
15801.2	15800	254848
15900.2	15900	237472
16000.2	16000	263536
16100.2	16100	260640
16200.2	16200	246160
16304.2	16300	254848
16401.2	16400	249056
16501.2	16500	283808
16601.2	16600	257744
16700.2	16700	246160
16808.2	16800	266432
16905.3	16900	228784
17000.3	17000	257744
17101.3	17100	251952
17201.2	17200	251952
17301.4	17300	263536
17409.3	17400	254848
17501.2	17500	237472
17600.3	17600	237472
17701.2	17700	231680
17809.3	17800	243264
17900.2	17900	237472
18000.2	18000	246160
18101.3	18100	217200
18200.2	18200	243264
18303.3	18300	214304
18400.2	18400	234576
18504.3	18500	225888
18601.3	18600	231680
18701.3	18700	237472
18800.5	18800	220096
18901.3	18900	215752
19028.3	19000	205616
19129.3	19100	163624
19201.3	19200	91224
19310.4	19300	141904
19401.3	19400	146248
19500.2	19500	225888
19600.3	19600	220096
19700.2	19700	231680
19800.3	19800	211408
19905.3	19900	196928
20105.5	20000	0
20105.5	20100	0
20201.3	20200	244712
20306.3	20300	194032
20401.3	20400	188240
20500.3	20500	185344
20604.3	20600	220096
20701.3	20700	188240
20812.3	20800	81088
20902.3	20900	34752
21001.4	21000	86880
21100.3	21100	228784
21203.4	21200	173760
21301.4	21300	185344
21400.3	21400	182448
21500.3	21500	214304
21601.3	21600	199824
21707.4	21700	182448
21800.3	21800	165072
21900.3	21900	182448
22005.3	22000	162176
22214.4	22100	20272
22214.5	22200	0
22489.4	22300	149144
22489.4	22400	0
22501.3	22500	0
22600.3	22600	230232
22707.3	22700	173760
22808.4	22800	179552
22928.3	22900	152040
23089.4	23000	0
23100.4	23100	0
23201.4	23200	228784
23300.4	23300	165072
23400.4	23400	188240
23659.4	23500	92672
23659.5	23600	0
23701.4	23700	105704
23800.6	23800	173760
23904.4	23900	159280
24001.3	24000	167968
24104.5	24100	150592
24201.4	24200	156384
24303.4	24300	167968
24402.4	24400	159280
24537.4	24500	133216
24722.4	24600	21720
24722.5	24700	0
24801.4	24800	160728
24902.4	24900	141904
25001.6	25000	156384
25101.4	25100	173760
25200.4	25200	150592
25307.4	25300	159280
25400.3	25400	167968
25500.5	25500	153488
25604.5	25600	167968
25702.4	25700	159280
25801.6	25800	165072
25901.4	25900	150592
26000.4	26000	139008
26103.5	26100	162176
26201.4	26200	139008
26301.4	26300	156384
26400.4	26400	144800
26508.4	26500	141904
26601.4	26600	150592
26709.5	26700	165072
26801.4	26800	141904
26901.5	26900	144800
27000.4	27000	147696
27100.4	27100	150592
27201.4	27200	153488
27302.4	27300	165072
27408.5	27400	156384
27501.5	27500	150592
27606.4	27600	144800
27703.4	27700	147696
27800.4	27800	139008
28000.5	27900	1448
28000.5	28000	0
28102.4	28100	153488
28200.4	28200	130320
28447.7	28300	49232
28447.7	28400	0
28501.5	28500	104256
28604.4	28600	124528
28718.5	28700	105704
28885.5	28800	0
28901.5	28900	56472
29001.4	29000	136112
29102.5	29100	133216
29201.5	29200	141904
29309.4	29300	133216
29414.5	29400	130320
29514.5	29500	117288
29606.5	29600	91224
29700.5	29700	139008
29800.4	29800	127424
29904.5	29900	133216
30001.5	30000	112944
30103.5	30100	121632
30311.6	30200	2896
30311.7	30300	0
30516.6	30400	0
30516.7	30500	0
30633.5	30600	127424
30797.5	30700	0
31003.6	30800	0
31003.6	30900	0
31003.6	31000	0
31108.5	31100	82536
31206.5	31200	28960
31303.5	31300	72400
31443.5	31400	117288
31604.5	31500	0
31604.6	31600	0
31810.6	31700	0
31810.7	31800	0
32072.6	31900	98464
32072.6	32000	0
32277.7	32100	0
32277.8	32200	0
32300.5	32300	49232
32555.6	32400	52128
32555.6	32500	0
32758.6	32600	0
32758.7	32700	0
32964.8	32800	31856
32964.8	32900	0
33185.6	33000	17376
33185.6	33100	0
33391.6	33200	0
33391.7	33300	0
33406.6	33400	0
33500.6	33500	179552
33604.5	33600	95568
33702.6	33700	107152
33951.7	33800	47784
33951.8	33900	0
34151.7	34000	0
34151.7	34100	0
34358.7	34200	28960
34358.8	34300	0
34605.7	34400	83984
34605.8	34500	0
34605.8	34600	0
34702.6	34700	117288
34801.6	34800	110048
35038.7	34900	36200
35038.7	35000	0
35100.5	35100	88328
35354.6	35200	44888
35354.6	35300	0
35560.6	35400	0
35560.7	35500	0
35600.6	35600	66608
35901.6	35700	104256
35902.6	35800	0
35902.6	35900	0
36156.7	36000	72400
36157.7	36100	0
36361.8	36200	0
36361.8	36300	0
36400.6	36400	82536
36647.7	36500	41992
36647.8	36600	0
36700.6	36700	75296
36906.6	36800	1448
36907.6	36900	0
37111.7	37000	0
37111.8	37100	0
37200.6	37200	124528
37309.6	37300	112944
37403.7	37400	101360
37500.6	37500	112944
37714.7	37600	10136
37714.7	37700	0
37919.7	37800	0
37919.7	37900	0
38003.7	38000	110048
38257.8	38100	44888
38257.8	38200	0
38301.6	38300	69504
38401.7	38400	101360
38654.8	38500	55024
38654.8	38600	0
38859.8	38700	0
38859.9	38800	0
38902.6	38900	39096
39002.7	39000	124528
39103.7	39100	104256
39200.7	39200	107152
39452.9	39300	36200
39452.9	39400	0
39502.7	39500	68056
39703.7	39600	4344
39703.7	39700	0
39907.7	39800	0
39907.7	39900	0
40012.7	40000	88328
40172.8	40100	0
40201.7	40200	47784
40455.8	40300	53576
40455.8	40400	0
40660.8	40500	0
40660.9	40600	0
40863.8	40700	0
40864.7	40800	7240
41067.8	40900	33304
41067.8	41000	0
41101.7	41100	83984
41320.8	41200	14480
41320.9	41300	0
41526.8	41400	0
41526.9	41500	0
41755.9	41600	49232
41756	41700	0
41805.7	41800	69504
41933.7	41900	105704
42104.8	42000	0
42104.9	42100	0
42310.8	42200	0
42310.8	42300	0
42549.8	42400	50680
42549.8	42500	0
42753.8	42600	0
42754.7	42700	0
42994.9	42800	31856
42995	42900	1448
43000.7	43000	24616
43255.7	43100	82536
43255.8	43200	0
43461.8	43300	0
43461.9	43400	0
43500.7	43500	72400
43600.8	43600	104256
43738.8	43700	97016
43903.8	43800	0
43906.1	43900	0
44160.8	44000	81088
44160.9	44100	0
44366.8	44200	0
44366.9	44300	0
44588.9	44400	49232
44588.9	44500	0
44794.9	44600	0
44795.9	44700	0
44800.8	44800	37648
45038.8	44900	53576
45038.9	45000	0
45242.8	45100	0
45242.9	45200	1448
45481.8	45300	95568
45481.9	45400	0
45501.8	45500	44888
45602.9	45600	107152
45824.9	45700	20272
45824.9	45800	0
45928.9	45900	92672
46092.9	46000	0
46296.9	46100	0
46297.8	46200	0
46300.8	46300	28960
46555.9	46400	75296
46556.8	46500	0
46780.9	46600	1448
46780.9	46700	0
46803	46800	82536
47087.8	46900	89776
47087.9	47000	0
47102.8	47100	0
47329.9	47200	65160
47330	47300	0
47535.9	47400	0
47536	47500	0
47787.9	47600	73848
47788.9	47700	0
47992.9	47800	0
47992.9	47900	0
48014.8	48000	24616
48464	48100	73848
48464.1	48200	0
48464.1	48300	0
48464.1	48400	0
48683.9	48500	0
48684	48600	1448
48700.8	48700	63712
48954.9	48800	53576
48955	48900	0
