0	0	1
113.203	100	65160
381.951	200	0
382.951	300	0
400.874	400	30408
503.879	500	102808
602.931	600	102808
822.024	700	20272
822.058	800	0
1041.99	900	50680
1042.95	1000	0
1102.95	1100	89776
1319.01	1200	11584
1319.04	1300	0
1525.02	1400	0
1525.09	1500	0
1633.02	1600	108600
1802.05	1700	0
1802.1	1800	0
2007.06	1900	0
2007.13	2000	0
2260.06	2100	85432
2260.1	2200	0
2465.04	2300	0
2465.1	2400	0
2682	2500	11584
2682.98	2600	0
2888.07	2700	40544
2888.14	2800	0
2903.96	2900	24616
3170.03	3000	110048
3170.93	3100	0
3201.96	3200	65160
3303.05	3300	121632
3407.96	3400	86880
3576.01	3500	0
3783.04	3600	0
3783.99	3700	0
3810.24	3800	66608
3900.95	3900	117288
4006.07	4000	124528
4219.05	4100	21720
4219.09	4200	0
4424.02	4300	0
4424.96	4400	0
4501.96	4500	143352
4742.07	4600	40544
4742.1	4700	0
4801.97	4800	131768
4909.06	4900	127424
5004.07	5000	118736
5102.03	5100	147696
5205.03	5200	112944
5301.98	5300	133216
5407.72	5400	127424
5501.99	5500	125976
5608.36	5600	133216
5703	5700	137560
5802.05	5800	120184
5900.01	5900	146248
6123.15	6000	33304
6123.19	6100	0
6331.06	6200	0
6331.14	6300	0
6408.06	6400	131768
6509.02	6500	130320
6608.04	6600	134664
6701.02	6700	127424
6802.06	6800	143352
6903.05	6900	133216
7001.49	7000	136112
7100.01	7100	146248
7200.14	7200	149144
7301.13	7300	152040
7404.06	7400	157832
7500.08	7500	147696
7600.03	7600	120184
7708.06	7700	153488
7805.27	7800	153488
7902.02	7900	152040
8003.11	8000	139008
8105.18	8100	154936
8200.09	8200	154936
8308.15	8300	136112
8401.09	8400	143352
8506.22	8500	156384
8601.03	8600	156384
8700.79	8700	144800
8800.61	8800	146248
8900.06	8900	152040
9001.57	9000	165072
9104.1	9100	143352
9201.12	9200	150592
9300.1	9300	167968
9400.05	9400	169416
9502.37	9500	170864
9600.04	9600	152040
9700.06	9700	167968
9800.07	9800	165072
9914.11	9900	189688
10008.1	10000	141904
10108.1	10100	115840
10207.6	10200	28960
10301.1	10300	49232
10402.2	10400	163624
10502.1	10500	162176
10609.2	10600	147696
10710.1	10700	98464
10806.2	10800	92672
10903.1	10900	143352
11002.1	11000	173760
11101.3	11100	191136
11200.1	11200	165072
11328.1	11300	137560
11488.2	11400	0
11694.1	11500	0
11694.2	11600	0
11700.1	11700	0
11800.1	11800	225888
11902.1	11900	162176
12003.2	12000	167968
12107.1	12100	176656
12201.1	12200	159280
12301.2	12300	173760
12401.1	12400	179552
12502.1	12500	192584
12600.1	12600	188240
12700.1	12700	165072
12802.2	12800	165072
12906.2	12900	188240
13000.1	13000	176656
13103.2	13100	159280
13204.1	13200	176656
13305.2	13300	173760
13402.2	13400	159280
13500.2	13500	172312
13601.2	13600	176656
13823.2	13700	26064
13824.1	13800	0
13901.2	13900	188240
14001.1	14000	196928
14109.3	14100	209960
14200.2	14200	207064
14300.2	14300	202720
14400.1	14400	214304
14503.2	14500	199824
14602.2	14600	191136
14701.2	14700	191136
14800.3	14800	188240
14901.3	14900	182448
15018.2	15000	157832
15179.3	15100	0
15208.2	15200	75296
15301.4	15300	172312
15404.2	15400	182448
15500.2	15500	188240
15623.2	15600	251952
15718.4	15700	127424
15808.3	15800	160728
15900.2	15900	154936
16007.2	16000	228784
16102.2	16100	249056
16201.3	16200	221544
16300.2	16300	227336
16401.3	16400	231680
16500.2	16500	237472
16600.2	16600	228784
16707.2	16700	227336
16800.2	16800	231680
16900.2	16900	225888
17000.2	17000	227336
17100.5	17100	221544
17205.3	17200	214304
17301.2	17300	222992
17402.2	17400	224440
17500.5	17500	221544
17600.3	17600	259192
17702.5	17700	222992
17801.3	17800	217200
17900.2	17900	238920
18000.2	18000	236024
18101.2	18100	251952
18201.2	18200	256296
18300.2	18300	257744
18400.2	18400	257744
18502.3	18500	243264
18600.2	18600	283808
18709.3	18700	266432
18805.3	18800	236024
18901.8	18900	230232
19001.3	19000	260640
19100.3	19100	267880
19200.2	19200	249056
19301.3	19300	249056
19409.3	19400	246160
19501.6	19500	251952
19600.2	19600	253400
19707.3	19700	230232
19800.3	19800	220096
19909.3	19900	273672
20001.3	20000	263536
20100.3	20100	264984
20200.3	20200	251952
20300.4	20300	275120
20406.3	20400	52128
20500.3	20500	34752
20602.3	20600	165072
20717.3	20700	291048
20813.3	20800	194032
20914.3	20900	179552
21000.4	21000	205616
21101.4	21100	259192
21201.4	21200	263536
21304.3	21300	299736
21403.4	21400	270776
21500.3	21500	283808
21604.4	21600	260640
21700.3	21700	275120
21804.4	21800	269328
21900.3	21900	289600
22000.3	22000	266432
22100.4	22100	320008
22209.4	22200	315664
22310.4	22300	306976
22403.3	22400	266432
22500.3	22500	292496
22603.3	22600	286704
22700.3	22700	302632
22800.3	22800	278016
22901.4	22900	296840
23000.4	23000	254848
23101.4	23100	341728
23201.4	23200	298288
23300.4	23300	280912
23407.4	23400	312768
23501.8	23500	266432
23601.4	23600	304080
23700.3	23700	301184
23803.5	23800	301184
23900.4	23900	295392
24001.3	24000	295392
24100.3	24100	280912
24200.4	24200	341728
24300.4	24300	295392
24400.5	24400	325800
24500.3	24500	317112
24602.6	24600	291048
24701.5	24700	340280
24802.4	24800	318560
24901.4	24900	338832
25000.4	25000	312768
25100.4	25100	304080
25201.5	25200	341728
25308.4	25300	335936
25400.4	25400	320008
25500.5	25500	328696
25606.5	25600	306976
25708.4	25700	363448
25800.4	25800	296840
25904.4	25900	243264
26036.6	26000	292496
26133.5	26100	211408
26200.5	26200	199824
26300.4	26300	330144
26400.5	26400	333040
26501.4	26500	350416
26600.4	26600	344624
26707.5	26700	333040
26800.4	26800	330144
26900.4	26900	348968
27001.5	27000	330144
27100.4	27100	356208
27203.6	27200	318560
27300.4	27300	353312
27400.4	27400	330144
27500.4	27500	338832
27600.4	27600	330144
27700.4	27700	350416
27800.4	27800	315664
27900.4	27900	367792
28005.5	28000	341728
28100.4	28100	353312
28201.5	28200	322904
28301.4	28300	366344
28401.4	28400	347520
28503.4	28500	227336
28673.5	28600	0
28700.5	28700	105704
28800.4	28800	385168
28900.4	28900	351864
29005.5	29000	340280
29100.4	29100	337384
29201.4	29200	375032
29301.7	29300	351864
29400.4	29400	350416
29500.5	29500	331592
29600.5	29600	360552
29701.5	29700	334488
29800.5	29800	335936
29900.5	29900	347520
30000.5	30000	351864
30106.5	30100	341728
30201.6	30200	333040
30300.5	30300	373584
30400.5	30400	364896
30507.6	30500	359104
30607.6	30600	183896
30714.5	30700	40544
30802.5	30800	94120
30900.5	30900	396752
31014.5	31000	292496
31125.6	31100	315664
31214.5	31200	269328
31309.5	31300	249056
31401.6	31400	335936
31500.5	31500	385168
31605.7	31600	353312
31700.5	31700	379376
31801.5	31800	375032
31901.6	31900	366344
32000.5	32000	357656
32101.5	32100	369240
32200.6	32200	359104
32300.5	32300	363448
32400.5	32400	334488
32500.6	32500	396752
32601.5	32600	383720
32700.6	32700	366344
32800.7	32800	362000
32901.6	32900	386616
33000.5	33000	380824
33101.5	33100	375032
33200.5	33200	363448
33303.6	33300	362000
33400.5	33400	366344
33500.6	33500	382272
33600.5	33600	379376
33701.6	33700	372136
33800.5	33800	383720
33901.6	33900	362000
34001.5	34000	370688
34101.6	34100	372136
34201.5	34200	367792
34301.5	34300	370688
34401.6	34400	377928
34501.7	34500	382272
34600.6	34600	337384
34700.5	34700	393856
34800	34800	356208
34904.6	34900	376480
35000.5	35000	388064
35100.6	35100	363448
35201.5	35200	386616
35417.7	35300	39096
35417.8	35400	0
35501.7	35500	359104
35600.6	35600	335936
35701.6	35700	412680
35800.5	35800	359104
35900.6	35900	351864
36004.6	36000	356208
36114.7	36100	354760
36210.6	36200	247608
36304.6	36300	254848
36422.7	36400	259192
36500.6	36500	249056
36600.6	36600	377928
36703.7	36700	346072
36800.7	36800	386616
36900.6	36900	360552
37000.6	37000	396752
37100.6	37100	360552
37200.6	37200	390960
37300.7	37300	331592
37400.6	37400	392408
37501.6	37500	357656
37609.6	37600	382272
37701.6	37700	373584
37800.6	37800	373584
37901.6	37900	377928
38001.6	38000	341728
38100.6	38100	398200
38200.6	38200	385168
38303.6	38300	350416
38400.6	38400	380824
38502.6	38500	346072
38601.6	38600	395304
38700.6	38700	369240
38801.7	38800	380824
39068.7	38900	246160
39068.8	39000	0
39101.7	39100	176656
39201.7	39200	341728
39315.6	39300	431504
39400.7	39400	263536
39503.6	39500	353312
39608.7	39600	383720
39700.7	39700	382272
39800	39800	351864
39903.6	39900	348968
40009.8	40000	372136
40101.7	40100	382272
40208	40200	375032
40304.7	40300	351864
40400.6	40400	396752
40508.7	40500	369240
40741.7	40600	121632
40743.7	40700	0
40807.7	40800	247608
40903.7	40900	370688
41000.3	41000	348968
41101.7	41100	385168
41212.8	41200	380824
41338.7	41300	269328
41438.7	41400	11584
41523.7	41500	11584
41600.7	41600	147696
41700.6	41700	367792
41800.1	41800	372136
41908.7	41900	372136
42005.7	42000	356208
42100.7	42100	350416
42200.7	42200	396752
42300.7	42300	375032
42401.7	42400	353312
42500.7	42500	376480
42601.8	42600	357656
42708.8	42700	389512
42801.7	42800	353312
42904.8	42900	364896
43002.7	43000	363448
43101.7	43100	370688
43201.1	43200	382272
43300.7	43300	354760
43401.8	43400	414128
43503.8	43500	353312
43601.8	43600	390960
43700.7	43700	367792
43808.7	43800	377928
43900.8	43900	356208
44000.8	44000	369240
44100.7	44100	350416
44201.7	44200	385168
44300.7	44300	360552
44566.8	44400	207064
44566.9	44500	0
44600.7	44600	186792
44708.8	44700	360552
44800.8	44800	366344
44901.8	44900	376480
45001.8	45000	356208
45102.8	45100	360552
45200	45200	362000
45300.8	45300	372136
45400.8	45400	356208
45504.8	45500	354760
45603.8	45600	375032
45709.8	45700	382272
45801.8	45800	379376
45900.7	45900	386616
46000.8	46000	363448
46100.8	46100	385168
46204.9	46200	340280
46300.3	46300	411232
46424.8	46400	415576
46504.8	46500	162176
46614.8	46600	282360
46706.8	46700	247608
46801.9	46800	304080
46900.8	46900	382272
47001.9	47000	376480
47100	47100	373584
47201.9	47200	388064
47300.8	47300	369240
47401.8	47400	389512
47507.8	47500	376480
47600.8	47600	362000
47700.9	47700	360552
47800.9	47800	362000
47900.9	47900	347520
48000.8	48000	398200
48101.9	48100	360552
48200.8	48200	373584
48307	48300	338832
48400.8	48400	373584
48500	48500	357656
48601.9	48600	334488
48701.9	48700	392408
48801.8	48800	377928
48900.9	48900	356208
49000.9	49000	372136
49108.2	49100	338832
49200.8	49200	362000
49300.4	49300	364896
49400.8	49400	222992
49500.9	49500	273672
49600	49600	364896
49700	49700	363448
49863.9	49800	112944
49900	49900	127424
50004	50000	263536
