0	0	1
136.938	100	63712
201.998	200	49232
307.908	300	139008
404.969	400	127424
502.062	500	143352
607.896	600	199824
707.918	700	194032
800.922	800	191136
900.871	900	214304
1006.91	1000	222992
1102.91	1100	191136
1200.93	1200	205616
1300.87	1300	196928
1402.92	1400	217200
1501.92	1500	205616
1602.18	1600	205616
1705	1700	202720
1802.92	1800	199824
1901.97	1900	220096
2000.9	2000	199824
2107.06	2100	194032
2202.91	2200	220096
2301.93	2300	196928
2400.01	2400	214304
2500.92	2500	214304
2600	2600	205616
2701.97	2700	208512
2803.93	2800	211408
2902.01	2900	202720
3000.9	3000	208512
3100.93	3100	205616
3201.91	3200	205616
3302.93	3300	191136
3403.96	3400	40544
3502.94	3500	118736
3607	3600	92672
3700.2	3700	34752
3800.94	3800	112944
3908.04	3900	75296
4010.97	4000	121632
4100.94	4100	81088
4200.95	4200	83984
4303.93	4300	86880
4402.95	4400	83984
4502.01	4500	83984
4600.95	4600	83984
4700	4700	83984
4803.97	4800	86880
4901.94	4900	83984
5000.99	5000	83984
5103.95	5100	86880
5208.97	5200	86880
5307.05	5300	83984
5403.95	5400	78192
5500.01	5500	81088
5602.99	5600	86880
5700.04	5700	81088
5804.97	5800	89776
5910.18	5900	89776
6002.05	6000	81088
6102.01	6100	83984
6203.48	6200	86880
6307.16	6300	81088
6400.97	6400	89776
6500.06	6500	83984
6607.01	6600	86880
6701.05	6700	83984
6800.02	6800	83984
6902.03	6900	53576
7121.15	7000	0
7121.23	7100	0
7203.02	7200	14480
7304.09	7300	31856
7401.01	7400	30408
7502.05	7500	24616
7607.04	7600	31856
7708.1	7700	10136
7801.09	7800	68056
7902.03	7900	33304
8007.12	8000	31856
8108.02	8100	34752
8205.08	8200	31856
8305.09	8300	34752
8410.1	8400	31856
8509.1	8500	31856
8603.04	8600	31856
8715.12	8700	34752
8800.11	8800	28960
8906.04	8900	34752
9008.09	9000	31856
9104.05	9100	31856
9200.11	9200	31856
9308.1	9300	34752
9406.05	9400	34752
9504.11	9500	28960
9602.15	9600	31856
9708.15	9700	34752
9813.05	9800	34752
9900.09	9900	28960
10009.1	10000	34752
10114	10100	34752
10208.1	10200	31856
10315.1	10300	20272
10403.1	10400	23168
10708.2	10500	18824
10708.3	10600	0
10911.1	10700	0
10912.1	10800	1448
10912.1	10900	1448
11007.1	11000	36200
11106.1	11100	46336
11202.1	11200	52128
11304.1	11300	55024
11401.1	11400	52128
11504.1	11500	55024
11602.1	11600	52128
11703.1	11700	55024
11800.1	11800	52128
11903.1	11900	55024
12001.1	12000	52128
12162.4	12100	81088
12208.1	12200	17376
12300.2	12300	49232
12402.1	12400	55024
12501.1	12500	53576
12602.2	12600	55024
12706.1	12700	55024
12804.2	12800	52128
12901.1	12900	52128
13002.1	13000	55024
13100.1	13100	52128
13202.1	13200	55024
13300.1	13300	52128
13401.1	13400	55024
13505.1	13500	55024
13601.1	13600	52128
13702.2	13700	55024
13800.2	13800	52128
13905.1	13900	55024
14005.1	14000	55024
14297.3	14100	52128
14297.4	14200	0
14306.2	14300	0
14401.2	14400	75296
14502.1	14500	63712
14600.1	14600	63712
14700.1	14700	69504
14801.2	14800	75296
14903.1	14900	81088
15007.1	15000	95568
15100.1	15100	95568
15201.2	15200	141904
15300.1	15300	170864
15400.2	15400	194032
15500.2	15500	225888
15600.2	15600	263536
15700.2	15700	269328
15800.3	15800	272224
15900.2	15900	272224
16001.2	16000	266432
16100.4	16100	272224
16200.2	16200	269328
16300.6	16300	272224
16400.1	16400	266432
16500.2	16500	266432
16600.2	16600	278016
16701.3	16700	266432
16801.2	16800	266432
16900.2	16900	272224
17001.3	17000	270776
17105.2	17100	275120
17200.2	17200	263536
17301.2	17300	269328
17400.2	17400	266432
17501.3	17500	272224
17600.2	17600	263536
17886.3	17700	170864
17886.4	17800	0
18081.3	17900	0
18081.3	18000	0
18100.2	18100	8688
18200.2	18200	55024
18301.2	18300	0
18402.2	18400	37648
18500.2	18500	21720
18600.2	18600	81088
18700.2	18700	60816
18801.2	18800	121632
18900.4	18900	63712
19003.2	19000	55024
19100.2	19100	52128
19200.2	19200	52128
19300.2	19300	55024
19401.2	19400	55024
19504.2	19500	55024
19602.4	19600	52128
19703.2	19700	55024
19805.2	19800	55024
19903.2	19900	52128
20000.2	20000	52128
20103.3	20100	55024
20205.2	20200	55024
20304.2	20300	52128
20400.3	20400	52128
20503.2	20500	55024
20604.3	20600	55024
20700.3	20700	52128
20804.3	20800	55024
20901.3	20900	52128
21002.3	21000	55024
21100.2	21100	52128
21202.2	21200	55024
21308.3	21300	44888
21503.4	21400	0
21503.4	21500	0
21603.3	21600	68056
21702.3	21700	57920
21802.3	21800	63712
21901.3	21900	66608
22003.3	22000	75296
22102.3	22100	75296
22202.3	22200	83984
22301.3	22300	89776
22416.9	22400	92672
22500.3	22500	44888
22602.3	22600	98464
22701.3	22700	115840
22803.3	22800	127424
22902.3	22900	141904
23002.3	23000	162176
23107.4	23100	222992
23201.3	23200	222992
23301.3	23300	257744
23400.3	23400	263536
23500.5	23500	272224
23600.3	23600	269328
23702.2	23700	269328
23800.7	23800	272224
23900.3	23900	266432
24000.3	24000	269328
24101.4	24100	272224
24200.4	24200	269328
24300.3	24300	272224
24400.3	24400	266432
24500.8	24500	266432
24600.3	24600	278016
24701.3	24700	266432
24800.3	24800	266432
25069.4	24900	156384
25069.5	25000	0
25273.5	25100	17376
25273.6	25200	0
25303.3	25300	4344
25406.4	25400	37648
25500.4	25500	17376
25601.4	25600	75296
25703.4	25700	0
25811.4	25800	83984
25900.4	25900	52128
26001.4	26000	117288
26102.4	26100	57920
26201.4	26200	55024
26312.4	26300	57920
26403.4	26400	49232
26511.5	26500	57920
26601.2	26600	49232
26703.4	26700	55024
26800.5	26800	52128
26902.5	26900	55024
27012.5	27000	57920
27104.5	27100	49232
27206.4	27200	55024
27303.4	27300	52128
27403.5	27400	46336
27522.5	27500	40544
27605.5	27600	39096
27707.4	27700	55024
27801.4	27800	52128
27901.5	27900	52128
28003.4	28000	55024
28103.5	28100	55024
28201.5	28200	52128
28307.5	28300	55024
28400.5	28400	52128
28503.5	28500	39096
28723.6	28600	0
28723.7	28700	0
28807.5	28800	23168
28901.5	28900	55024
29004.5	29000	55024
29107.5	29100	55024
29210.5	29200	52128
29307.5	29300	52128
29404.5	29400	55024
29501.4	29500	49232
29600.5	29600	52128
29703.6	29700	57920
29804.5	29800	55024
29907.5	29900	52128
30002.5	30000	52128
30105.5	30100	57920
30213.5	30200	57920
30311.5	30300	52128
30402.5	30400	46336
30504.5	30500	55024
30601.5	30600	55024
30701.5	30700	55024
30806.5	30800	52128
30901.5	30900	55024
31003.5	31000	52128
31104.6	31100	52128
31201.6	31200	55024
31301.6	31300	52128
31404.6	31400	57920
31507.5	31500	52128
31604.6	31600	55024
31702.6	31700	49232
31803.5	31800	55024
31906.6	31900	55024
32001.5	32000	55024
32294.6	32100	49232
32294.6	32200	0
32309.8	32300	1448
32400.6	32400	75296
32506.5	32500	49232
32602.6	32600	66608
32700.6	32700	83984
32801.6	32800	101360
32900.6	32900	118736
33000.6	33000	133216
33100.5	33100	165072
33200.7	33200	182448
33301.6	33300	83984
33405.6	33400	40544
33501.6	33500	124528
33601.5	33600	202720
33701.6	33700	211408
33801.6	33800	205616
33900.6	33900	205616
34001.6	34000	205616
34100.5	34100	205616
34200.6	34200	208512
34300.6	34300	205616
34400.7	34400	205616
34501.6	34500	208512
34601.6	34600	205616
34702.6	34700	208512
34801.7	34800	208512
34900.6	34900	202720
35000.6	35000	208512
35100.5	35100	204168
35200.5	35200	202720
35300.6	35300	205616
35401.5	35400	211408
35500.6	35500	202720
35600.5	35600	208512
35935.7	35700	130320
35935.8	35800	0
35935.8	35900	0
36004.6	36000	17376
36105.7	36100	59368
36203.8	36200	5792
36301.7	36300	0
36401.7	36400	101360
36502.7	36500	110048
36603.7	36600	55024
36700.7	36700	52128
36800.7	36800	52128
36900.7	36900	55024
37003.7	37000	55024
37101.6	37100	52128
37203.7	37200	55024
37304.6	37300	55024
37400.6	37400	52128
37506.6	37500	55024
37615.7	37600	56472
37712.7	37700	39096
37801.6	37800	46336
37901.7	37900	55024
38005.6	38000	55024
38103.7	38100	52128
38203.7	38200	55024
38301.8	38300	52128
38400.6	38400	52128
38500.7	38500	55024
38603.7	38600	55024
38705.7	38700	55024
38803.6	38800	52128
38901.7	38900	52128
39000.7	39000	55024
39105.7	39100	55024
39201.7	39200	52128
39303.6	39300	60816
39401.6	39400	60816
39501.7	39500	66608
39603.7	39600	78192
39700.7	39700	92672
39800.7	39800	104256
39902.8	39900	115840
40003.7	40000	118736
40101.6	40100	139008
40200.7	40200	144800
40300.6	40300	167968
40401.7	40400	176656
40501.7	40500	211408
40603.7	40600	208512
40701.9	40700	182448
40976.8	40800	137560
40976.9	40900	0
41001.7	41000	91224
41101.7	41100	208512
41201.9	41200	205616
41303.7	41300	202720
41400.7	41400	208512
41501.7	41500	211408
41602.8	41600	202720
41701.8	41700	208512
41802.7	41800	205616
41902.7	41900	208512
42001.8	42000	205616
42100.7	42100	205616
42201.8	42200	208512
42300.7	42300	202720
42400.7	42400	208512
42500.8	42500	205616
42637.8	42600	220096
42736.7	42700	147696
42800.8	42800	115840
43111.9	42900	166520
43112	43000	0
43112	43100	0
43203.7	43200	202720
43300.8	43300	196928
43400.7	43400	227336
43519.7	43500	136112
43606.7	43600	26064
43709.7	43700	26064
43803.7	43800	208512
43903.8	43900	188240
44001.7	44000	205616
44103.9	44100	225888
44202.8	44200	179552
44300.7	44300	217200
44400.7	44400	205616
44505.7	44500	220096
44601.7	44600	194032
44700.8	44700	211408
44801.8	44800	191136
44901.8	44900	214304
45000.8	45000	205616
45103.8	45100	214304
45202.8	45200	202720
45301.8	45300	202720
45400.7	45400	208512
45500.8	45500	208512
45601.9	45600	205616
45701.8	45700	205616
45800.8	45800	205616
45900.8	45900	202720
46002.8	46000	208512
46111.8	46100	246160
46205.8	46200	196928
46301.7	46300	199824
46400.8	46400	202720
46711.9	46500	134664
46711.9	46600	0
46712	46700	0
46924.9	46800	0
46925	46900	0
47003.9	47000	34752
47100.8	47100	47784
47201.8	47200	65160
47301.9	47300	27512
47407	47400	65160
47500.9	47500	24616
47628	47600	97016
47707.9	47700	49232
47804.8	47800	39096
47900.8	47900	52128
48000.8	48000	55024
48108.9	48100	60816
48201.9	48200	46336
48301.9	48300	55024
