0	0	1
104.976	100	7240
200.931	200	28960
302.949	300	27512
408.982	400	37648
504.963	500	15928
606.919	600	21720
700.903	700	31856
805.898	800	34752
905.949	900	31856
1002.9	1000	31856
1100.9	1100	31856
1201.9	1200	28960
1301.91	1300	34752
1406.98	1400	34752
1503.91	1500	31856
1602.98	1600	31856
1717.93	1700	34752
1807.92	1800	31856
1907.93	1900	26064
2000.91	2000	33304
2106.93	2100	34752
2207.94	2200	31856
2302.93	2300	31856
2727.05	2400	4344
2727.09	2500	0
2741.98	2600	1448
2757.96	2700	2896
2801.93	2800	14480
2903.93	2900	47784
3000.94	3000	52128
3101.99	3100	55024
3202.98	3200	55024
3302.97	3300	52128
3402.97	3400	55024
3502.18	3500	52128
3603.94	3600	55024
3701.97	3700	37648
3800.93	3800	66608
3907.97	3900	34752
4001.97	4000	49232
4102.97	4100	52128
4202.97	4200	55024
4305.97	4300	55024
4412.01	4400	57920
4506.97	4500	52128
4602.97	4600	49232
4701	4700	52128
4802.98	4800	24616
4903.98	4900	76744
5001.99	5000	43440
5104.98	5100	57920
5201.99	5200	52128
5300.05	5300	55024
5402	5400	52128
5502.04	5500	55024
5607	5600	55024
5700.98	5700	40544
5802	5800	62264
5904.99	5900	55024
6381.09	6000	13032
6381.16	6100	1448
6411.09	6200	1448
6411.17	6300	1448
6417.01	6400	1448
6507.05	6500	17376
6603.04	6600	17376
6708.03	6700	49232
6804.02	6800	34752
6903.03	6900	31856
7001.03	7000	31856
7102.01	7100	8688
7205.04	7200	57920
7310.02	7300	31856
7408.05	7400	31856
7507.04	7500	31856
7603.07	7600	30408
7701.09	7700	34752
7800.03	7800	30408
7908.05	7900	34752
8004.05	8000	31856
8101.1	8100	31856
8201.1	8200	31856
8302.05	8300	26064
8403.09	8400	43440
8506.02	8500	33304
8604.11	8600	31856
8702.12	8700	31856
8807.05	8800	34752
8900.04	8900	18824
9003.06	9000	44888
9100.12	9100	31856
9206.06	9200	34752
9305.12	9300	28960
9411.23	9400	34752
9500.12	9500	24616
10030.2	9600	18824
10046.1	9700	1448
10049.1	9800	1448
10062.1	9900	1448
10065.2	10000	1448
10106.1	10100	18824
10201.5	10200	49232
10305.1	10300	57920
10402.1	10400	52128
10505.1	10500	55024
10601.1	10600	52128
10704.1	10700	55024
10800.1	10800	52128
10901.1	10900	15928
11000.1	11000	89776
11101.1	11100	55024
11205.3	11200	55024
11302.1	11300	52128
11402.2	11400	55024
11501.1	11500	52128
11602.1	11600	55024
11700.1	11700	52128
11801.1	11800	40544
11900.1	11900	66608
12001.1	12000	47784
12101.1	12100	49232
12207.1	12200	57920
12305.1	12300	52128
12405.2	12400	55024
12507.1	12500	52128
12603.2	12600	52128
12703.1	12700	57920
12808.1	12800	52128
12907.1	12900	57920
13000.1	13000	44888
13103.1	13100	55024
13417.2	13200	14480
13433.1	13300	1448
13450.2	13400	1448
13501.1	13500	20272
13604.1	13600	50680
13701.1	13700	52128
13804.1	13800	55024
13902.2	13900	52128
14004.1	14000	55024
14110.2	14100	55024
14207.2	14200	52128
14302.2	14300	52128
14400.2	14400	28960
14507.1	14500	75296
14611.2	14600	46336
14704.2	14700	49232
14800.2	14800	52128
14903.2	14900	55024
15001.2	15000	55024
15102.1	15100	52128
15204.2	15200	55024
15301.2	15300	52128
15400.2	15400	52128
15502.3	15500	43440
15608.2	15600	66608
15704.2	15700	37648
15800.2	15800	49232
15907.2	15900	57920
16003.3	16000	52128
16105.2	16100	55024
16201.2	16200	52128
16301.2	16300	57920
16403.2	16400	55024
16501.2	16500	14480
16600.2	16600	89776
16701.2	16700	55024
17022.3	16800	18824
17022.3	16900	0
17050.3	17000	0
17102.2	17100	10136
17202.5	17200	37648
17308.2	17300	40544
17405.3	17400	49232
17501.2	17500	52128
17601.2	17600	55024
17700.3	17700	52128
17802.2	17800	57920
17904.3	17900	52128
18000.2	18000	55024
18103.2	18100	17376
18212.2	18200	86880
18309.2	18300	49232
18402.3	18400	49232
18504.3	18500	55024
18610.2	18600	55024
18700.7	18700	52128
18801.2	18800	55024
18911.3	18900	53576
19004.5	19000	53576
19104.3	19100	40544
19200.3	19200	59368
19300.3	19300	52128
19407.2	19400	57920
19503.3	19500	52128
19603.2	19600	55024
19701.3	19700	52128
19804.2	19800	55024
19905.3	19900	55024
20000.3	20000	37648
20103.3	20100	68056
20201.3	20200	52128
20303.3	20300	55024
20666.3	20400	15928
20666.4	20500	0
20693.5	20600	1448
20718.3	20700	4344
20801.3	20800	27512
20901.3	20900	52128
21000.3	21000	55024
21103.3	21100	55024
21205.3	21200	55024
21304.3	21300	52128
21402.3	21400	52128
21502.3	21500	55024
21611.3	21600	52128
21700.3	21700	57920
21801.3	21800	55024
21903.3	21900	55024
22005.3	22000	55024
22104.3	22100	52128
22200.3	22200	52128
22302.6	22300	55024
22400.3	22400	52128
22500.3	22500	37648
22601.3	22600	70952
22705.3	22700	55024
22801.3	22800	52128
22900.3	22900	52128
23002.6	23000	55024
23104.3	23100	55024
23213.4	23200	57920
23303.3	23300	49232
23400.8	23400	52128
23502.3	23500	55024
23605.6	23600	55024
23701.3	23700	52128
23807.4	23800	52128
23903.3	23900	56472
24388.4	24000	14480
24388.5	24100	0
24388.5	24200	1448
24405.4	24300	1448
24409.4	24400	1448
24502.4	24500	62264
24601.4	24600	52128
24702.4	24700	55024
24804.4	24800	55024
24902.4	24900	37648
25000.4	25000	66608
25101.4	25100	55024
25203.4	25200	55024
25301.4	25300	52128
25403.4	25400	55024
25505.4	25500	55024
25602.4	25600	52128
25702.4	25700	52128
25803.4	25800	52128
26017.5	25900	2896
26017.5	26000	0
26222.5	26100	0
26222.7	26200	0
26302.5	26300	40544
26409.5	26400	47784
26507.4	26500	52128
26610.5	26600	55024
26705.5	26700	55024
26804.5	26800	55024
26904.5	26900	52128
27000.5	27000	52128
27103.4	27100	55024
27202.5	27200	17376
27305.5	27300	89776
27402.5	27400	52128
27500.5	27500	52128
27831.5	27600	17376
27856.4	27700	1448
27872.5	27800	1448
27908.5	27900	5792
28012.5	28000	44888
28103.5	28100	43440
28200.5	28200	52128
28305.5	28300	55024
28407.5	28400	57920
28503.5	28500	49232
28603.5	28600	52128
