0	0	1
106.905	100	50680
201.844	200	36200
300.957	300	68056
401.832	400	30408
504.85	500	78192
605.867	600	55024
702.865	700	52128
804.882	800	55024
901.86	900	52128
1002.87	1000	26064
1104.9	1100	82536
1201.88	1200	52128
1472	1300	40544
1472.04	1400	0
1515.9	1500	43440
1610.09	1600	70952
1701.9	1700	101360
1806.92	1800	139008
1909.98	1900	133216
2003.99	2000	162176
2102.91	2100	185344
2202.9	2200	188240
2304.93	2300	231680
2401.92	2400	272224
2500.92	2500	267880
2600.97	2600	288152
2701.97	2700	317112
2802.01	2800	341728
2901.68	2900	338832
3005.94	3000	385168
3102.02	3100	341728
3202.02	3200	356208
3300.98	3300	362000
3400.64	3400	357656
3501.94	3500	369240
3602.93	3600	347520
3704.98	3700	362000
3801.12	3800	347520
3900.03	3900	366344
4000.32	4000	367792
4104.97	4100	360552
4201.54	4200	362000
4300.14	4300	376480
4401.94	4400	370688
4500.93	4500	360552
4600.93	4600	360552
4700.09	4700	360552
4800	4800	353312
5046.19	4900	83984
5046.28	5000	0
5249.15	5100	0
5249.98	5200	0
5300.09	5300	40544
5405.01	5400	257744
5500.99	5500	257744
5601	5600	289600
5701.98	5700	263536
5806.22	5800	280912
5906.02	5900	257744
6000.23	6000	266432
6100.06	6100	280912
6205.96	6200	295392
6301	6300	249056
6400.01	6400	272224
6502.99	6500	243264
6605.01	6600	292496
6704.31	6700	283808
6801.98	6800	266432
6907.64	6900	278016
7000.01	7000	263536
7106.99	7100	272224
7204.15	7200	269328
7305.02	7300	266432
7400.04	7400	260640
7501.98	7500	275120
7601.99	7600	272224
7702.05	7700	266432
7800.29	7800	272224
7900.98	7900	272224
8000.03	8000	263536
8100.08	8100	273672
8201.05	8200	269328
8300.28	8300	272224
8401.03	8400	266432
8501.03	8500	218648
8604.02	8600	167968
8701.05	8700	147696
8802.03	8800	167968
8900.89	8900	167968
9001.05	9000	159280
9101.06	9100	185344
9200	9200	150592
9305.09	9300	167968
9401.08	9400	159280
9500.07	9500	170864
9600.16	9600	165072
9705.08	9700	167968
9801.07	9800	159280
9906.11	9900	185344
10002.1	10000	162176
10112.1	10100	139008
10236.1	10200	105704
10322.1	10300	141904
10411.1	10400	141904
10502.1	10500	149144
10600	10600	163624
10700.5	10700	163624
10801.1	10800	167968
10901.1	10900	165072
11000	11000	166520
11101.1	11100	167968
11201	11200	162176
11301.1	11300	167968
11401.1	11400	167968
11501.1	11500	165072
11600	11600	165072
11700	11700	165072
11802.1	11800	167968
11900	11900	165072
12001.1	12000	165072
12102.1	12100	144800
12206.1	12200	121632
12302.1	12300	118736
12402.2	12400	121632
12502.2	12500	118736
12600.1	12600	121632
12700.1	12700	70952
12801.1	12800	167968
12904.1	12900	127424
13003.4	13000	118736
13106.2	13100	124528
13200.1	13200	115840
13307.2	13300	124528
13400.1	13400	118736
13501.1	13500	121632
13600.2	13600	118736
13701.1	13700	124528
13800.1	13800	118736
13902.1	13900	121632
14000.1	14000	121632
14106.2	14100	92672
14200.1	14200	149144
14301.1	14300	121632
14402.1	14400	118736
14500.1	14500	121632
14601.1	14600	121632
14701.1	14700	121632
14802.1	14800	121632
14900.1	14900	118736
15001.3	15000	124528
15101.1	15100	118736
15200	15200	118736
15312.2	15300	88328
15479.2	15400	0
15706.3	15500	0
15706.4	15600	0
15706.4	15700	0
15800.1	15800	70952
15902.2	15900	57920
16010.2	16000	31856
16111.2	16100	34752
16201.2	16200	28960
16300.2	16300	15928
16407.2	16400	50680
16503.2	16500	31856
16600.2	16600	31856
16710.3	16700	34752
16808.2	16800	31856
16900.2	16900	30408
17000.2	17000	33304
17108.2	17100	34752
17205.2	17200	31856
17307.2	17300	34752
17409.2	17400	31856
17502.2	17500	17376
17601.2	17600	44888
17702.2	17700	33304
17800.2	17800	31856
17908.4	17900	34752
18001.2	18000	28960
18100.2	18100	31856
18203.2	18200	36200
18305.2	18300	33304
18405.2	18400	31856
18501.2	18500	31856
18608.3	18600	34752
18706.2	18700	31856
18800.3	18800	5792
18902.2	18900	57920
19000.2	19000	34752
19106.2	19100	34752
19205.2	19200	31856
19327.2	19300	59368
19495.3	19400	0
19512.6	19500	1448
19607.3	19600	75296
19701.2	19700	52128
19803.3	19800	55024
19900.2	19900	52128
20005.3	20000	55024
20100.2	20100	52128
20204.2	20200	55024
20301.3	20300	52128
20400.2	20400	53576
20501.3	20500	53576
20602.2	20600	55024
20705.3	20700	55024
20804.2	20800	52128
20903.3	20900	55024
21121.3	21000	5792
21121.3	21100	0
21327.3	21200	0
21327.4	21300	0
21404.3	21400	65160
21504.3	21500	52128
21601.3	21600	52128
21702.3	21700	55024
21800.3	21800	52128
21903.4	21900	55024
22004.3	22000	55024
22102.6	22100	40544
22202.3	22200	66608
22300.3	22300	52128
22403.3	22400	55024
22500.3	22500	52128
22603.4	22600	55024
22706.3	22700	55024
22803.3	22800	52128
23248.3	22900	11584
23248.4	23000	0
23266.4	23100	0
23280.3	23200	0
23306.3	23300	4344
23404.3	23400	36200
23500.3	23500	31856
23608.3	23600	34752
23706.3	23700	31856
23802.4	23800	18824
23902.4	23900	44888
24005.4	24000	33304
24101.3	24100	31856
24208.3	24200	34752
24304.3	24300	31856
24400.4	24400	13032
24503.3	24500	50680
24605.4	24600	33304
24701.4	24700	31856
24807.4	24800	34752
24905.4	24900	31856
25001.3	25000	28960
25104.4	25100	37648
25204.4	25200	30408
25302	25300	31856
25407.4	25400	34752
25504.4	25500	31856
25602.4	25600	10136
25701.4	25700	53576
25802.4	25800	33304
25902.5	25900	31856
26001.3	26000	34752
26100.4	26100	31856
26202.5	26200	31856
26301.4	26300	8688
26408.5	26400	60816
26841.5	26500	5792
26841.6	26600	1448
26860.5	26700	1448
26865.4	26800	1448
26901.4	26900	10136
27003.4	27000	27512
27102.5	27100	31856
27201.5	27200	31856
27307.5	27300	34752
27406.4	27400	31856
27502.4	27500	31856
27601.5	27600	20272
27711.5	27700	46336
27808.5	27800	33304
27905.5	27900	31856
28006.5	28000	31856
28101.5	28100	30408
28203.4	28200	36200
28306.4	28300	31856
28404.4	28400	34752
28503.4	28500	31856
28607.5	28600	34752
28703.5	28700	18824
28802.4	28800	43440
28902.5	28900	33304
29000.4	29000	31856
29107.5	29100	34752
29204.5	29200	31856
29302.5	29300	15928
29402.5	29400	49232
29507.4	29500	33304
29604.5	29600	31856
29701.5	29700	31856
29800.4	29800	28960
29903.5	29900	36200
30004.4	30000	33304
30282.6	30100	24616
30282.6	30200	0
30304.5	30300	1448
30401.5	30400	50680
30502.4	30500	60816
30603.6	30600	78192
30706.5	30700	98464
30801.6	30800	118736
30900.6	30900	147696
31003.5	31000	162176
31105.6	31100	179552
31202.5	31200	191136
31300.5	31300	208512
31403.8	31400	220096
31501.5	31500	249056
31604.5	31600	257744
31702.7	31700	278016
31800.4	31800	275120
31900.6	31900	272224
32000.4	32000	269328
32101.6	32100	272224
32200.4	32200	269328
32300.5	32300	269328
32401.6	32400	269328
