0	0	1
129.998	100	65160
380.057	200	0
380.18	300	0
401.096	400	37648
500.032	500	117288
603.03	600	153488
702.005	700	166520
802.102	800	165072
903.001	900	167968
1001	1000	162176
1109.01	1100	167968
1200.06	1200	198376
1300.02	1300	199824
1400.99	1400	212856
1501.04	1500	207064
1601.02	1600	202720
1701.02	1700	205616
1800.09	1800	214304
1901	1900	276568
2000.03	2000	263536
2100.06	2100	264984
2200.09	2200	273672
2300.03	2300	208512
2400.01	2400	205616
2501	2500	211408
2600.02	2600	199824
2701.06	2700	211408
2800.02	2800	147696
2900.01	2900	194032
3001.03	3000	169416
3102.03	3100	167968
3201.01	3200	162176
3301.06	3300	165072
3400.03	3400	167968
3500.01	3500	165072
3600.01	3600	162176
3708.09	3700	166520
3801.74	3800	167968
3901.09	3900	162176
4002.69	4000	150592
4109.05	4100	162176
4200.09	4200	159280
4302.07	4300	165072
4400.1	4400	165072
4501.13	4500	83984
4798.16	4600	159280
4798.23	4700	0
4800.18	4800	0
5016.24	4900	1448
5016.35	5000	0
5220.22	5100	0
5220.31	5200	30408
5424.21	5300	8688
5424.3	5400	0
5500.04	5500	110048
5601.12	5600	199824
5700.12	5700	208512
5801.09	5800	234576
5901.12	5900	269328
6000.09	6000	266432
6100.15	6100	266432
6208.29	6200	275120
6300.12	6300	324352
6402.19	6400	335936
6508.18	6500	338832
6604.23	6600	325800
6702.12	6700	289600
6800.15	6800	266432
6901.19	6900	269328
7001.15	7000	278016
7100.2	7100	263536
7201.16	7200	231680
7300.2	7300	208512
7408.23	7400	199824
7645.15	7500	11584
7646.12	7600	0
7700.17	7700	169416
7802.08	7800	124528
7902.07	7900	121632
8000.06	8000	115840
8103.17	8100	118736
8203.17	8200	140456
8304.15	8300	159280
8408.2	8400	163624
8509.24	8500	159280
8600.13	8600	157832
8701.19	8700	157832
8801.94	8800	191136
8901.17	8900	211408
9009.24	9000	198376
9121.18	9100	234576
9221.26	9200	169416
9319.26	9300	163624
9420.2	9400	26064
9519.27	9500	4344
9600.18	9600	44888
9700.17	9700	149144
9801.96	9800	137560
9900.22	9900	13032
10000.1	10000	196928
10103.2	10100	115840
10201.2	10200	98464
10417.2	10300	4344
10417.3	10400	0
11017.4	10500	0
11017.4	10600	10136
11032.3	10700	1448
11036.2	10800	1448
11037.2	10900	2896
11038.2	11000	0
11105.3	11100	34752
11270.2	11200	0
11474.2	11300	0
11474.3	11400	0
11502.2	11500	0
11601.2	11600	130320
11701.4	11700	147696
11801.2	11800	202720
11909.3	11900	237472
12009.3	12000	250504
12100.2	12100	259192
12200.2	12200	269328
12300.2	12300	262088
12400.2	12400	296840
12503.3	12500	305528
12606.3	12600	309872
12702.3	12700	283808
12802.3	12800	220096
12901.3	12900	194032
13000.2	13000	182448
13102.3	13100	182448
13200.3	13200	176656
13301.2	13300	179552
13400.3	13400	246160
13500.2	13500	272224
13600.3	13600	263536
13700.3	13700	270776
13800.3	13800	263536
13902.3	13900	278016
14000.3	14000	260640
14115.3	14100	302632
14205.3	14200	247608
14300.3	14300	256296
14402.3	14400	264984
14500.3	14500	243264
14608.3	14600	251952
14703.3	14700	62264
14808.3	14800	393856
14904.3	14900	257744
15000.3	15000	270776
15101.3	15100	359104
15207.3	15200	331592
15303.4	15300	312768
15403.3	15400	301184
15504.2	15500	254848
15602.2	15600	220096
15700.3	15700	298288
15800.2	15800	350416
15903.4	15900	314216
16000.2	16000	249056
16100.3	16100	225888
16201.3	16200	185344
16300.2	16300	222992
16408.4	16400	263536
16501.3	16500	269328
16601.3	16600	272224
16700.3	16700	266432
16800.3	16800	266432
16900.3	16900	275120
17000.4	17000	263536
17101.4	17100	275120
17200.3	17200	266432
17300.4	17300	269328
17401.4	17400	272224
17500.3	17500	272224
17601.3	17600	254848
17701.4	17700	269328
17801.3	17800	269328
17901.3	17900	272224
18000.4	18000	263536
18104.4	18100	204168
18205.4	18200	249056
18303.4	18300	153488
18402.4	18400	188240
18509.4	18500	217200
18608.4	18600	237472
18704.4	18700	246160
18800.4	18800	285256
18900.4	18900	301184
19000.4	19000	315664
19100.4	19100	317112
19215.3	19200	304080
19315.4	19300	185344
19416.3	19400	234576
19501.3	19500	156384
19600.3	19600	343176
19708.3	19700	364896
19801.8	19800	385168
19900.3	19900	382272
20000.3	20000	377928
20100.3	20100	390960
20200.5	20200	382272
20301.4	20300	388064
20400.3	20400	379376
20500.4	20500	350416
20600.3	20600	408336
20700.3	20700	388064
20802.4	20800	382272
20900.4	20900	388064
21001.5	21000	388064
21101.5	21100	390960
21200.4	21200	379376
21300.4	21300	362000
21400.4	21400	359104
21500.4	21500	362000
21602.4	21600	304080
21701.4	21700	91224
21800.4	21800	305528
21903.4	21900	167968
22000.4	22000	173760
22100.4	22100	179552
22202.4	22200	298288
22310.5	22300	376480
22401.4	22400	362000
22500.4	22500	389512
22600.4	22600	379376
22701.4	22700	393856
22800.4	22800	379376
22900.4	22900	382272
23000.4	23000	389512
23110.5	23100	382272
23200.4	23200	375032
23300.3	23300	390960
23400	23400	354760
23500.4	23500	266432
23600.5	23600	260640
23701.5	23700	263536
23808.5	23800	263536
23907.6	23900	251952
24002.5	24000	254848
24102.5	24100	257744
24220.4	24200	375032
24325.5	24300	308424
24416.5	24400	325800
24505.4	24500	286704
24611.5	24600	373584
24701.5	24700	321456
24800.5	24800	347520
24906.6	24900	292496
25001.6	25000	52128
25104.5	25100	320008
25202.5	25200	173760
25300.5	25300	179552
25400.5	25400	231680
25508.6	25500	275120
25600.5	25600	240368
25704.6	25700	321456
25803.5	25800	301184
25901.5	25900	362000
26001.6	26000	359104
26100.5	26100	376480
26200.5	26200	390960
26300.5	26300	382272
26401.6	26400	312768
26500.6	26500	474944
26603.5	26600	483632
26700.5	26700	538656
26803.5	26800	443088
26900.5	26900	527072
27003.6	27000	566168
27100.5	27100	608160
27201.5	27200	584992
27306.4	27300	599472
27541.6	27400	201272
27541.6	27500	0
27600.5	27600	257744
27700.5	27700	379376
27800.6	27800	406888
27934.6	27900	487976
28106.5	28000	0
28108.5	28100	0
28215.5	28200	279464
28387.6	28300	0
28401.5	28400	0
28648.5	28500	182448
28649.5	28600	0
28700.5	28700	146248
28801.5	28800	333040
28900.5	28900	362000
29000.5	29000	435848
29103.5	29100	431504
29200.5	29200	396752
29457.7	29300	98464
29457.8	29400	0
29520.6	29500	173760
29619.5	29600	85432
29848.6	29700	30408
29848.6	29800	0
29910.7	29900	121632
30006.1	30000	249056
30100.5	30100	260640
30307.6	30200	0
30307.7	30300	0
30404.6	30400	196928
30502.5	30500	260640
30602.6	30600	272224
30704.6	30700	306976
30801.7	30800	327248
30907.6	30900	338832
31000.6	31000	260640
31100.5	31100	272224
31201.6	31200	263536
31300.5	31300	220096
31401.5	31400	196928
31510.6	31500	202720
31600.5	31600	208512
31706.6	31700	254848
31802.6	31800	251952
31909.6	31900	356208
32001.7	32000	359104
32100.6	32100	376480
32202.8	32200	359104
32429.7	32300	65160
32431.6	32400	0
32507.7	32500	251952
32600	32600	278016
32703.7	32700	292496
32803.7	32800	237472
32900.6	32900	289600
33147.7	33000	111496
33147.8	33100	0
33364.7	33200	0
33364.8	33300	0
33403.7	33400	141904
33503.7	33500	224440
33601.6	33600	257744
33827.8	33700	68056
33827.8	33800	0
33905.7	33900	125976
34000.7	34000	182448
34247.7	34100	85432
34247.8	34200	0
34304.7	34300	4344
34405.7	34400	121632
34508.7	34500	88328
34608.7	34600	220096
34704.7	34700	228784
34800.7	34800	243264
34900.6	34900	228784
35002.6	35000	220096
35109.6	35100	306976
35204.7	35200	334488
35303	35300	335936
35401.7	35400	295392
35635.8	35500	59368
35635.9	35600	0
35701.7	35700	154936
35802.6	35800	130320
35902.8	35900	141904
36001.7	36000	263536
36108.8	36100	315664
36203.7	36200	301184
36303.8	36300	376480
36402.7	36400	327248
36500.7	36500	382272
36608.7	36600	362000
36710.8	36700	347520
36930.9	36800	69504
36930.9	36900	0
37012.8	37000	189688
37100	37100	225888
37208.7	37200	306976
37301.8	37300	301184
37402.8	37400	260640
37500.8	37500	246160
37733.7	37600	62264
37735.7	37700	0
37961.8	37800	0
37963.8	37900	0
38009.8	38000	150592
38100.8	38100	81088
38265.9	38200	0
38301.8	38300	75296
38401.7	38400	202720
38503.8	38500	217200
38600.8	38600	211408
38702.8	38700	315664
38800.9	38800	327248
38901.7	38900	260640
39008.7	39000	260640
39102.7	39100	222992
39207.9	39200	249056
39308.8	39300	194032
39408.8	39400	181000
39504.8	39500	147696
39609.7	39600	157832
39700.7	39700	159280
39801.8	39800	199824
39900.7	39900	196928
40003.8	40000	246160
40105.9	40100	240368
40201.8	40200	327248
40300.8	40300	321456
40400.7	40400	341728
40500.7	40500	335936
40616.9	40600	338832
40700.8	40700	312768
40807.8	40800	379376
40900.8	40900	353312
41003.8	41000	347520
41105.8	41100	359104
41200.8	41200	364896
41309.8	41300	367792
41403.8	41400	338832
41502.9	41500	333040
41601.8	41600	376480
41701.9	41700	338832
41803.2	41800	324352
41911.8	41900	367792
42007.8	42000	347520
42108.8	42100	362000
42205	42200	335936
42309.8	42300	367792
42410	42400	356208
42500.9	42500	335936
42600.9	42600	359104
42704.8	42700	333040
42800	42800	341728
43032.9	42900	134664
43033	43000	0
43236.8	43100	0
43238.9	43200	0
43441.8	43300	133216
43443.8	43400	0
43669	43500	94120
43669.1	43600	0
43700	43700	108600
43906.9	43800	76744
43907	43900	0
44178.9	44000	68056
44179.9	44100	0
44210.9	44200	0
44406.8	44300	0
44406.9	44400	0
44610.9	44500	0
44611	44600	0
44703.9	44700	0
44806.9	44800	0
45034	44900	0
45034.8	45000	0
45239.1	45100	101360
45263.9	45200	11584
45303.9	45300	57920
45411.9	45400	144800
45501.9	45500	150592
45608.9	45600	222992
45710	45700	251952
45951.9	45800	117288
45952	45900	0
46155.9	46000	0
46155.9	46100	0
46200	46200	111496
46419	46300	11584
46419	46400	0
46650.9	46500	0
46652.1	46600	0
46703.8	46700	33304
46806.8	46800	118736
46907.8	46900	144800
47017.9	47000	191136
47100.5	47100	196928
47203.9	47200	237472
47300.9	47300	327248
47523.9	47400	60816
47524.9	47500	0
47605.9	47600	157832
47841.9	47700	50680
47842.1	47800	0
48110	47900	57920
48110.1	48000	0
48110.1	48100	0
48327.9	48200	0
48328.9	48300	0
48401.9	48400	62264
48717.1	48500	94120
48717.1	48600	0
48717.2	48700	0
48811	48800	79640
49043.9	48900	34752
49044.9	49000	0
49277.9	49100	0
49278.1	49200	0
49483	49300	1448
49483.1	49400	1448
49505.9	49500	31856
49605.9	49600	115840
49719.9	49700	94120
49906	49800	0
49906.1	49900	0
50003	50000	117288
50106.9	50100	136112
50203.9	50200	188240
50315	50300	211408
50414	50400	121632
50595	50500	2896
50601.1	50600	0
50906	50700	108600
50906.2	50800	0
50906.2	50900	0
51110.1	51000	0
51110.3	51100	0
51206	51200	95568
51309	51300	147696
51403	51400	188240
51510.9	51500	231680
51600.6	51600	286704
51829.1	51700	59368
51829.1	51800	0
51910	51900	143352
52004.1	52000	170864
52100	52100	214304
52203.1	52200	266432
52451	52300	134664
52451.1	52400	0
52506	52500	104256
52609.1	52600	162176
52704	52700	205616
52927.1	52800	53576
52927.1	52900	0
53001	53000	127424
53255.1	53100	65160
53255.2	53200	0
53300	53300	69504
53508.1	53400	1448
53508.2	53500	0
53601	53600	69504
53766.2	53700	0
54001.1	53800	36200
54001.1	53900	0
54001.2	54000	0
54100	54100	112944
54200	54200	185344
54304	54300	243264
54566.1	54400	159280
54566.1	54500	0
54631	54600	83984
54709	54700	41992
54804	54800	159280
55026.1	54900	43440
55026.2	55000	0
55101	55100	101360
55210.1	55200	165072
55301.1	55300	208512
55400.1	55400	272224
55501	55500	327248
55604	55600	362000
55701.1	55700	367792
55948.1	55800	198376
55949.1	55900	0
56001	56000	149144
56101	56100	211408
56206.1	56200	240368
56308.1	56300	292496
56402.2	56400	338832
56500.1	56500	324352
56705.1	56600	5792
56705.2	56700	0
56802.1	56800	233128
57066.1	56900	149144
57066.2	57000	0
57100.1	57100	81088
57203.1	57200	205616
57300.1	57300	251952
57431.1	57400	311320
57610.2	57500	0
57610.2	57600	0
57700.1	57700	191136
57801.1	57800	240368
58011.1	57900	2896
58011.2	58000	0
58248.2	58100	56472
58248.3	58200	0
58467.2	58300	0
58467.3	58400	0
58504	58500	0
58736.2	58600	0
58736.3	58700	0
58804.1	58800	0
58900.2	58900	0
59004.1	59000	385168
59119.2	59100	231680
59202.2	59200	254848
59300.2	59300	356208
59404.2	59400	364896
59500.1	59500	408336
59605.2	59600	393856
59707.1	59700	253400
59816.2	59800	178104
59900.1	59900	276568
60000.2	60000	501008
60102.2	60100	511144
60200.2	60200	540104
60302.3	60300	573408
60400.2	60400	574856
60500.1	60500	563272
60770.3	60600	353312
60772.1	60700	0
60800.1	60800	0
61004.2	60900	150592
61004.2	61000	0
61100.2	61100	149144
61339.3	61200	53576
61339.4	61300	0
61543.3	61400	0
61543.3	61500	0
61781.2	61600	70952
61782.2	61700	0
61805.2	61800	0
62031.2	61900	69504
62031.3	62000	0
62249.2	62100	0
62249.3	62200	1448
62489.2	62300	81088
62489.3	62400	0
62504.2	62500	0
62609.3	62600	218648
62903.3	62700	205616
62903.4	62800	0
62903.4	62900	0
63005.1	63000	170864
63249.2	63100	69504
63250.2	63200	0
63301.2	63300	50680
63413.2	63400	111496
63521.3	63500	131768
63703.3	63600	0
63703.3	63700	0
63807.2	63800	125976
63916.2	63900	134664
64085.2	64000	0
64302.2	64100	0
64303.2	64200	1448
64303.3	64300	1448
64507.2	64400	30408
64508.2	64500	0
64606.3	64600	112944
64735.3	64700	128872
64901.3	64800	0
64901.4	64900	0
65046.2	65000	95568
65140.3	65100	39096
65206.3	65200	69504
65463.2	65300	78192
65463.3	65400	0
65695.3	65500	39096
65696.3	65600	0
65710.2	65700	0
65993.2	65800	60816
65994.2	65900	0
66008.4	66000	0
66111.2	66100	57920
66403.4	66200	104256
66403.4	66300	0
66403.5	66400	0
66519.3	66500	82536
66761.3	66600	34752
66761.3	66700	0
66800.2	66800	31856
66901.4	66900	85432
67213.3	67000	150592
67213.4	67100	0
67213.5	67200	0
67312.4	67300	98464
67401.3	67400	110048
67531.3	67500	163624
67712.3	67600	0
67712.4	67700	0
67994.4	67800	75296
67994.4	67900	0
68008.3	68000	0
68102.4	68100	94120
68369.4	68200	69504
68369.4	68300	0
68401.4	68400	26064
68675.3	68500	28960
68676.2	68600	0
68879.3	68700	0
69083.4	68800	0
69084.3	68900	5792
69107.3	69000	0
69123.4	69100	1448
69207.3	69200	57920
69427.4	69300	10136
69427.5	69400	0
69695.5	69500	33304
69695.5	69600	0
69711.4	69700	0
69815.3	69800	60816
69900.3	69900	83984
70864.4	70000	62264
70880.4	70100	0
70880.5	70200	0
70895.5	70300	1448
70896.3	70400	1448
71113.4	70500	0
71113.5	70600	0
71129.4	70700	0
71131.4	70800	0
71144.4	70900	0
71146.4	71000	0
71150.4	71100	1448
71397.4	71200	24616
71398.3	71300	0
71413.3	71400	0
71531.4	71500	60816
71700.5	71600	0
71700.5	71700	0
71905.4	71800	0
71905.5	71900	0
72005.4	72000	57920
72101.3	72100	69504
72352.4	72200	37648
72353.4	72300	0
72401.5	72400	44888
72622.5	72500	10136
72622.6	72600	0
72700.4	72700	49232
72803.3	72800	98464
72901.4	72900	121632
73000.4	73000	118736
73101.3	73100	121632
73202.4	73200	121632
73300.4	73300	118736
73400.4	73400	124528
73511.5	73500	127424
73605.4	73600	118736
73700.4	73700	139008
73800.3	73800	136112
73902.4	73900	127424
74001.4	74000	124528
74100.4	74100	112944
74200.4	74200	136112
74301.5	74300	144800
74401.4	74400	162176
74500.4	74500	167968
74600.4	74600	162176
74701.4	74700	170864
74801.4	74800	165072
74900.4	74900	162176
75001.4	75000	170864
75126.4	75100	207064
75202.4	75200	123080
75300.4	75300	165072
75400.4	75400	140456
75502.4	75500	194032
75602.4	75600	162176
75702.4	75700	167968
75801.4	75800	167968
75905.2	75900	165072
76001.5	76000	162176
76101.6	76100	167968
