0	0	1
112.965	100	65160
217.993	200	8688
300.984	300	88328
401.019	400	602368
501.05	500	602368
600.97	600	595128
700.043	700	600920
800.003	800	595128
900.006	900	612504
1000.07	1000	592232
1100.02	1100	486528
1200	1200	726896
1300.06	1300	599472
1400.06	1400	593680
1501.03	1500	605264
1600.04	1600	599472
1701.14	1700	605264
1801	1800	596576
1900.03	1900	593680
2000.04	2000	608160
2100.06	2100	596576
2208.05	2200	554584
2300.05	2300	483632
2401.11	2400	543000
2501.09	2500	518384
2606.01	2600	460464
2702.04	2700	399648
2801.09	2800	390960
2901.09	2900	382272
3001.04	3000	386616
3100.06	3100	359104
3202.04	3200	441640
3301.05	3300	548792
3400.04	3400	469152
3500.07	3500	584992
3601.08	3600	596576
3700.02	3700	602368
3800.99	3800	596576
3901.58	3900	602368
4001.14	4000	599472
4101.09	4100	608160
4201.09	4200	590784
4300	4300	596576
4400.03	4400	608160
4501.11	4500	600920
4601.23	4600	596576
4700.13	4700	608160
4800.12	4800	590784
4900.06	4900	613952
5000.03	5000	595128
5101.09	5100	596576
5200.09	5200	608160
5301.14	5300	600920
5400.16	5400	587888
5509.09	5500	657392
5600.16	5600	550240
5719.12	5700	709520
5800.07	5800	495216
5901.2	5900	599472
6000.22	6000	611056
6101.18	6100	589336
6200.19	6200	593680
6301.1	6300	609608
6401.22	6400	595128
6501.17	6500	608160
6601.24	6600	596576
6701.19	6700	590784
6800.16	6800	608160
6900.19	6900	608160
7000.03	7000	593680
7100.15	7100	602368
7202.14	7200	473496
7300.13	7300	124528
7401.09	7400	479288
7501.14	7500	318560
7604.15	7600	566168
7701.25	7700	625536
7801.11	7800	596576
7900.07	7900	544448
8000.12	8000	635672
8101.13	8100	422816
8201.12	8200	379376
8300.12	8300	512592
8402.17	8400	437296
8502.36	8500	188240
8600.19	8600	464808
8701.34	8700	388064
8800.18	8800	388064
8910.14	8900	376480
9003.22	9000	263536
9102.15	9100	314216
9201.2	9200	453224
9300.11	9300	487976
9400.21	9400	509696
9501.24	9500	524176
9600.21	9600	414128
9700.02	9700	444536
9800.14	9800	584992
9901.18	9900	590784
10000.4	10000	602368
10101.2	10100	600920
10200.1	10200	593680
10329.2	10300	541552
10433.2	10400	312768
10524.2	10500	309872
10614.2	10600	362000
10714.2	10700	347520
10813.2	10800	50680
10913.2	10900	8688
11174.3	11000	0
11174.4	11100	0
11200.3	11200	72400
11301.3	11300	606712
11401.2	11400	593680
11500.3	11500	590784
11600.2	11600	609608
11700.2	11700	606712
11801.2	11800	596576
11900.1	11900	498112
12000.2	12000	367792
12102.2	12100	443088
12205.3	12200	289600
12303.3	12300	254848
12400.3	12400	254848
12501.3	12500	385168
12600.2	12600	376480
12700.2	12700	396752
12800.2	12800	382272
12900.3	12900	370688
13000.2	13000	367792
13100.2	13100	379376
13200.2	13200	364896
13301.3	13300	275120
13400.3	13400	457568
13501.3	13500	474944
13602.3	13600	425712
13700.4	13700	457568
13802.3	13800	482184
13902.3	13900	448880
14001.3	14000	460464
14100.4	14100	440192
14206.3	14200	505352
14300.3	14300	485080
14400.2	14400	527072
14502.3	14500	537208
14600.3	14600	493768
14700.2	14700	584992
14808.3	14800	537208
14907.4	14900	557480
15000.2	15000	590784
15100.4	15100	602368
15201.3	15200	602368
15322.4	15300	674768
15409.3	15400	392408
15529.9	15500	544448
15627.2	15600	269328
15718.2	15700	411232
15809.3	15800	395304
15901.2	15900	438744
16006.3	16000	496664
16100.3	16100	516936
16201.4	16200	512592
16300.3	16300	512592
16401.4	16400	527072
16500.3	16500	518384
16606.3	16600	487976
16700	16700	443088
16801.3	16800	359104
16900.4	16900	127424
17000.3	17000	457568
17101.3	17100	388064
17200	17200	385168
17301.5	17300	390960
17400.3	17400	379376
17500.3	17500	390960
17600.4	17600	330144
17700.4	17700	260640
17800.3	17800	262088
17901.3	17900	304080
18001.3	18000	370688
18100.3	18100	525624
18200.3	18200	506800
18300.5	18300	382272
18402.3	18400	385168
18501.4	18500	503904
18600.4	18600	553136
18700	18700	625536
18801.3	18800	611056
18900.3	18900	587888
19001.5	19000	596576
19100.3	19100	608160
19200.3	19200	576304
19300.4	19300	551688
19401.4	19400	541552
19501.3	19500	512592
19602.3	19600	315664
19701.3	19700	304080
19801.4	19800	379376
19900.3	19900	388064
20000.3	20000	390960
20100.3	20100	390960
20200	20200	376480
20300.4	20300	388064
20403.4	20400	399648
20537.4	20500	408336
20625.4	20600	325800
20726.4	20700	360552
20813.3	20800	228784
20901.4	20900	98464
21023.4	21000	428608
21102.4	21100	204168
21200.4	21200	273672
21302.4	21300	273672
21400.3	21400	264984
21500.4	21500	234576
21601.4	21600	360552
21700	21700	360552
21800.4	21800	353312
21900.3	21900	395304
22001.4	22000	392408
22100.4	22100	262088
22208.4	22200	427160
22300.4	22300	511144
22400.4	22400	522728
22504.4	22500	492320
22600.5	22600	360552
22701.4	22700	441640
22803.5	22800	414128
22903.4	22900	443088
23000.4	23000	498112
23108.4	23100	508248
23202.5	23200	395304
23300.3	23300	225888
23400.4	23400	454672
23500.4	23500	362000
23601.5	23600	249056
23700.3	23700	233128
23800.5	23800	267880
23901.4	23900	273672
24000.4	24000	273672
24101.5	24100	364896
24200.1	24200	362000
24301.5	24300	388064
24401.5	24400	301184
24501.5	24500	411232
24600.5	24600	508248
24700.2	24700	334488
24800.4	24800	321456
24900.4	24900	411232
25000.4	25000	567616
25100.5	25100	579200
25200.2	25200	598024
25300.5	25300	605264
25414.5	25400	524176
25504.5	25500	340280
25628.5	25600	362000
25728.5	25700	295392
25833.5	25800	295392
25900.5	25900	238920
26001.5	26000	393856
26100.5	26100	405440
26201.5	26200	487976
26300.5	26300	514040
26401.5	26400	514040
26502.5	26500	363448
26601.5	26600	369240
26701.6	26700	516936
26801.5	26800	521280
26901.4	26900	503904
27007.5	27000	422816
27100.5	27100	325800
27200.2	27200	267880
27300.5	27300	334488
27400.4	27400	383720
27500.5	27500	379376
27602.5	27600	302632
27701.5	27700	406888
27801.5	27800	435848
27900.5	27900	511144
28001.5	28000	514040
28101.5	28100	474944
28200.4	28200	466256
28300.5	28300	412680
28400.5	28400	386616
28501.5	28500	380824
28605.5	28600	389512
28702.5	28700	375032
28803.5	28800	369240
28900.5	28900	351864
29000.5	29000	383720
29107.6	29100	419920
29203.6	29200	401096
29302.5	29300	437296
29401.5	29400	360552
29500.6	29500	104256
29600.6	29600	508248
29700.5	29700	312768
29801.5	29800	295392
29907.6	29900	304080
30005.6	30000	293944
30103.6	30100	295392
30203.6	30200	295392
30300.6	30300	293944
30429.6	30400	376480
30526.6	30500	360552
30619.6	30600	289600
30717.6	30700	357656
30803.6	30800	356208
30900.5	30900	457568
31000.5	31000	502456
31101.5	31100	512592
31200.5	31200	293944
31301.6	31300	278016
31400.6	31400	363448
31501.7	31500	388064
31601.7	31600	390960
31700.5	31700	379376
31800.6	31800	383720
31900.6	31900	395304
32000.5	32000	383720
32101.6	32100	392408
32200.5	32200	383720
32300.6	32300	379376
32401.6	32400	395304
32500.6	32500	388064
32604.6	32600	386616
32700.6	32700	383720
32801.7	32800	388064
32901.7	32900	388064
33000.7	33000	377928
33100.7	33100	390960
33201.5	33200	364896
33300.6	33300	356208
33409.7	33400	351864
33502.6	33500	238920
33602.8	33600	108600
33700.7	33700	247608
33801.6	33800	264984
33900.7	33900	221544
34003.7	34000	186792
34100.6	34100	343176
34200.9	34200	353312
34300.6	34300	395304
34400.6	34400	388064
34500.6	34500	390960
34600.6	34600	380824
34707.7	34700	370688
34800.7	34800	357656
34900.7	34900	369240
35001.6	35000	359104
35101.6	35100	392408
35201.7	35200	379376
35300.6	35300	388064
35401.6	35400	379376
35514.7	35500	376480
35615.7	35600	266432
35704.7	35700	225888
35803.8	35800	212856
35924.8	35900	325800
36000.8	36000	202720
36100.6	36100	278016
36201.6	36200	264984
36300.7	36300	269328
36401.7	36400	272224
36500.7	36500	266432
36601.7	36600	273672
36701.6	36700	272224
36800.7	36800	264984
36900.7	36900	273672
37001.8	37000	267880
37100.7	37100	266432
37200.6	37200	270776
37300.7	37300	270776
37401.9	37400	269328
37501.9	37500	269328
37600.7	37600	222992
37704.7	37700	282360
37801.7	37800	327248
37900.7	37900	353312
38000.7	38000	364896
38100.7	38100	356208
38200.6	38200	357656
38301.7	38300	364896
38400.7	38400	353312
38500.7	38500	360552
38600.7	38600	360552
38701.7	38700	348968
38801.7	38800	364896
38901.8	38900	315664
39000.7	39000	328696
39101.8	39100	356208
39200.7	39200	360552
39301.7	39300	364896
39400.6	39400	348968
39501.8	39500	360552
39601.8	39600	379376
39701.8	39700	383720
39801.8	39800	383720
39900.7	39900	390960
40001.8	40000	383720
40100.8	40100	377928
40201.7	40200	393856
40300.7	40300	383720
40400.7	40400	390960
40515.8	40500	437296
40613.8	40600	324352
40703.7	40700	327248
40823.8	40800	434400
40900.7	40900	278016
41001.8	41000	357656
41101.9	41100	324352
41200.7	41200	159280
41300.8	41300	379376
41401	41400	266432
41500.8	41500	243264
41600.8	41600	108600
41700.7	41700	305528
41801.8	41800	207064
41901.9	41900	202720
42001.8	42000	211408
42100.8	42100	202720
42201.8	42200	207064
42301.9	42300	207064
42400.8	42400	204168
42500.7	42500	209960
42600.8	42600	204168
42701.8	42700	207064
42800.7	42800	134664
42900.7	42900	0
43001.8	43000	120184
43103.8	43100	162176
43200.8	43200	156384
43301.7	43300	169416
43400.9	43400	162176
43501.8	43500	167968
43600.8	43600	165072
43700.7	43700	167968
43800.8	43800	165072
43900.8	43900	173760
44000.8	44000	191136
44101.8	44100	194032
44200.8	44200	175208
44300.8	44300	173760
44401.8	44400	167968
44501.8	44500	165072
44601.8	44600	163624
44701.8	44700	167968
44806.9	44800	159280
44901.9	44900	98464
45002.8	45000	75296
45100.8	45100	115840
45208.8	45200	123080
45460.8	45300	36200
45460.9	45400	0
45680.9	45500	43440
45681.9	45600	0
45886.9	45700	0
45887	45800	0
45900.9	45900	15928
46001.9	46000	204168
46100.8	46100	195480
46200.8	46200	228784
46300.9	46300	263536
46401.9	46400	254848
46500.9	46500	298288
46600.8	46600	354760
46701.8	46700	270776
46804.9	46800	259192
46900.9	46900	270776
47000	47000	299736
47101.8	47100	324352
47204	47200	263536
47301.9	47300	221544
47400.8	47400	267880
47500.8	47500	270776
47600.9	47600	272224
47700.9	47700	267880
47800.9	47800	264984
47901.8	47900	278016
48002	48000	264984
48101	48100	257744
48201.9	48200	217200
48300.9	48300	204168
48401.9	48400	209960
48501.9	48500	207064
48600.9	48600	204168
48701.8	48700	211408
48800.9	48800	202720
48900.9	48900	211408
49000.9	49000	202720
49101.9	49100	207064
49201.9	49200	211408
49301.9	49300	202720
49400	49400	141904
49500	49500	201272
49601.9	49600	165072
49700.9	49700	167968
49800.9	49800	165072
49901.9	49900	165072
50001	50000	167968
50101	50100	186792
50200.9	50200	207064
50301.9	50300	207064
50400	50400	259192
50501.5	50500	275120
50614.9	50600	292496
50705	50700	227336
50800	50800	247608
50901	50900	337384
51000.9	51000	363448
51101	51100	364896
51200	51200	377928
51300.9	51300	396752
51400	51400	375032
51500.9	51500	390960
51600.1	51600	383720
51700	51700	388064
51800	51800	376480
51900	51900	353312
52000	52000	362000
52114	52100	403992
52200	52200	224440
52300.9	52300	264984
52400	52400	267880
52500	52500	267880
52601	52600	104256
52700.9	52700	309872
52801	52800	196928
52900.1	52900	163624
53001	53000	166520
53100	53100	124528
53200.9	53200	208512
53300	53300	166520
53401	53400	165072
53500	53500	194032
53600.9	53600	209960
53701	53700	207064
53800	53800	204168
53900	53900	218648
54000	54000	270776
54100	54100	267880
54200.2	54200	267880
54300.1	54300	273672
54401.9	54400	246160
54503	54500	212856
54600.9	54600	202720
54701.9	54700	207064
54800.9	54800	207064
54900.9	54900	207064
55000	55000	160728
55100	55100	167968
55200	55200	165072
55308	55300	181000
55400	55400	39096
55500	55500	212856
55620	55600	146248
55831.1	55700	8688
55831.2	55800	0
56037.1	55900	0
56037.2	56000	0
56131.1	56100	0
56241.1	56200	1448
56659.1	56300	0
56659.4	56400	0
57084.2	56500	82536
57084.3	56600	0
57084.4	56700	0
57084.5	56800	0
57084.5	56900	0
57084.5	57000	0
57101	57100	0
57200	57200	207064
57300	57300	201272
57400	57400	207064
57500.1	57500	225888
57601.1	57600	270776
57701.1	57700	272224
57800.1	57800	264984
57900.1	57900	267880
58008.1	58000	302632
58101.1	58100	327248
58200.1	58200	356208
58300	58300	286704
58400.1	58400	270776
58500	58500	273672
58600	58600	262088
58700	58700	272224
58800.1	58800	270776
58902.1	58900	224440
59001.1	59000	202720
59100.1	59100	207064
59201	59200	207064
59301.1	59300	195480
59400.1	59400	160728
59501.1	59500	167968
59600	59600	165072
59700.1	59700	167968
59801.1	59800	165072
59900.2	59900	163624
60001.1	60000	196928
60100.1	60100	207064
60200.1	60200	201272
60300.1	60300	208512
60401.1	60400	211408
60500.2	60500	204168
60604.1	60600	185344
60704.2	60700	208512
60800.1	60800	195480
60900.2	60900	207064
61000.2	61000	208512
61101.1	61100	202720
61200.2	61200	179552
61301.2	61300	167968
61400.2	61400	160728
61501.2	61500	169416
61600.1	61600	166520
61701.1	61700	167968
61800.1	61800	162176
61900.2	61900	166520
62001.2	62000	167968
62101.1	62100	172312
62201.1	62200	204168
62301.2	62300	209960
62401.1	62400	204168
62500.2	62500	207064
62601.1	62600	207064
62700.2	62700	202720
62800.2	62800	211408
62900.2	62900	207064
63000.2	63000	202720
63101.1	63100	211408
63200.2	63200	202720
63300.1	63300	211408
63401.2	63400	178104
63502.2	63500	167968
63602.3	63600	167968
63700.2	63700	149144
63800.3	63800	79640
64059.2	63900	115840
64060.2	64000	0
64265.2	64100	0
64266.2	64200	0
64485.3	64300	10136
64485.4	64400	1448
64501.4	64500	47784
64601.1	64600	217200
64700.3	64700	162176
64800.2	64800	205616
64901.3	64900	211408
65001.2	65000	204168
65101.2	65100	205616
65201.2	65200	211408
65301.3	65300	204168
65401.2	65400	207064
65500.2	65500	207064
65602.3	65600	202720
65720.3	65700	204168
65810.2	65800	165072
65901.2	65900	167968
66001.2	66000	207064
66101.2	66100	207064
66200.2	66200	186792
66300.2	66300	166520
66400.2	66400	167968
66500.2	66500	167968
66600.2	66600	160728
66700.3	66700	167968
66801.3	66800	167968
66900.3	66900	165072
67008.4	67000	156384
67108.3	67100	159280
67200.4	67200	65160
67300.3	67300	166520
67402.3	67400	121632
67619.3	67500	14480
67619.4	67600	0
67821.3	67700	0
67821.4	67800	0
68026.4	67900	56472
68026.5	68000	0
68100.3	68100	144800
68200.3	68200	165072
68300.3	68300	165072
68400.3	68400	167968
68500.3	68500	165072
68600.3	68600	178104
68701.2	68700	211408
68801.3	68800	207064
68901.3	68900	207064
69001.3	69000	207064
69101.3	69100	202720
69200.3	69200	207064
69301.3	69300	211408
69401.3	69400	202720
69500.3	69500	207064
69600.2	69600	204168
69702.3	69700	214304
69800.2	69800	189688
69912.3	69900	120184
70313.4	70000	0
70313.5	70100	0
70313.5	70200	0
70313.5	70300	0
73890.5	70400	1448
73904.4	70500	0
73905.3	70600	0
73919.4	70700	1448
73920.3	70800	1448
73933.4	70900	1448
73934.4	71000	1448
73935.3	71100	1448
73936.3	71200	1448
73948.4	71300	1448
73948.5	71400	1448
73949.3	71500	1448
73950.3	71600	4344
73951.3	71700	1448
73953.3	71800	2896
73955.4	71900	1448
73956.3	72000	1448
73963.4	72100	1448
73963.5	72200	1448
73965.4	72300	1448
73965.5	72400	1448
73967.4	72500	1448
73969.4	72600	1448
73969.5	72700	1448
73971.4	72800	1448
73972.4	72900	1448
73973.3	73000	1448
73974.3	73100	1448
73976.4	73200	1448
73977.4	73300	1448
73978.3	73400	1448
73978.4	73500	2896
73980.4	73600	1448
73980.4	73700	1448
73983.4	73800	1448
73983.5	73900	1448
74001.4	74000	26064
74100.4	74100	123080
74361.4	74200	68056
74362.4	74300	0
74566.5	74400	0
74566.7	74500	0
74602.4	74600	94120
74873.5	74700	78192
74873.5	74800	0
74900.4	74900	66608
75002.4	75000	121632
75101.4	75100	121632
75202.4	75200	121632
75301.4	75300	120184
75400.4	75400	118736
75615.5	75500	14480
75615.5	75600	0
75821.4	75700	0
75822.5	75800	0
