0	0	1
110.961	100	65160
210.955	200	7240
492.938	300	0
493.008	400	0
507.933	500	30408
620.99	600	70952
792.035	700	0
807.972	800	1448
902.912	900	72400
1006.91	1000	89776
1274.04	1100	56472
1274.1	1200	0
1300.04	1300	31856
1538	1400	14480
1538.94	1500	0
1601.9	1600	28960
1704.92	1700	56472
1931.06	1800	20272
1931.97	1900	0
2148.95	2000	0
2150.38	2100	0
2200.91	2200	47784
2300.92	2300	60816
2403.98	2400	97016
2511.99	2500	83984
2678.13	2600	0
2882.17	2700	0
2882.22	2800	0
2900.91	2900	34752
3001.01	3000	63712
3100.97	3100	92672
3201	3200	107152
3429.11	3300	34752
3429.17	3400	0
3632.09	3500	0
3632.2	3600	0
3876.14	3700	43440
3876.21	3800	0
3914.98	3900	14480
4000.98	4000	60816
4220.13	4100	15928
4220.19	4200	0
4438.07	4300	0
4438.17	4400	0
4504.03	4500	50680
4604.98	4600	72400
4701.13	4700	98464
4805.12	4800	124528
4903.14	4900	112944
5170.05	5000	73848
5170.11	5100	0
5209.17	5200	56472
5322.03	5300	43440
5484.06	5400	0
5501.02	5500	21720
5611.28	5600	55024
5704.06	5700	83984
5800.14	5800	117288
6082.13	5900	82536
6082.22	6000	0
6101.04	6100	39096
6201.99	6200	83984
6302	6300	105704
6401.99	6400	117288
6500	6500	141904
6600.98	6600	159280
6701.02	6700	136112
6802	6800	157832
6901.03	6900	167968
7002	7000	153488
7101.01	7100	153488
7201.05	7200	154936
7300.05	7300	154936
7400.03	7400	146248
7500.05	7500	160728
7601.04	7600	125976
7704.08	7700	133216
7997.06	7800	137560
7998.02	7900	0
8000.03	8000	0
8100.05	8100	199824
8201.08	8200	136112
8302.12	8300	144800
8401.07	8400	141904
8505.03	8500	159280
8602.07	8600	154936
8700.03	8700	169416
8816.06	8800	114392
8976.22	8900	0
9001.1	9000	78192
9100.05	9100	134664
9210.14	9200	162176
9301.14	9300	141904
9400.05	9400	134664
9501.11	9500	149144
9601.07	9600	165072
9700.07	9700	163624
9800.12	9800	154936
9901.06	9900	163624
10007.2	10000	169416
10100.1	10100	159280
10200.1	10200	169416
10300.1	10300	156384
10402.1	10400	139008
10501.1	10500	175208
10602.2	10600	144800
10702.1	10700	172312
10805.3	10800	169416
10900.2	10900	160728
11002.2	11000	188240
11101.1	11100	166520
11207.2	11200	162176
11308.2	11300	185344
11400.2	11400	89776
11501.4	11500	201272
11605.1	11600	150592
11701.5	11700	153488
11800.2	11800	191136
11905.2	11900	173760
12008.2	12000	204168
12104.1	12100	191136
12358.2	12200	86880
12358.3	12300	0
12400.1	12400	97016
12504.1	12500	125976
12606.2	12600	157832
12700.1	12700	178104
12801.2	12800	176656
12900.2	12900	192584
13002.2	13000	196928
13102.2	13100	176656
13203.2	13200	175208
13301.2	13300	188240
13400.1	13400	195480
13505.2	13500	207064
13608.2	13600	214304
13702.2	13700	179552
13800.1	13800	196928
13904.2	13900	182448
14129.2	14000	44888
14129.3	14100	0
14205.2	14200	179552
14301.1	14300	188240
14400.2	14400	195480
14503.2	14500	191136
14608.2	14600	221544
14701.2	14700	209960
14801.2	14800	202720
14900.5	14900	211408
15000.1	15000	236024
15100.2	15100	196928
15200.2	15200	266432
15306.2	15300	225888
15400.2	15400	212856
15500.2	15500	208512
15604.2	15600	207064
15706.3	15700	234576
15822.2	15800	264984
15924.2	15900	195480
16012.2	16000	204168
16104.2	16100	194032
16202.3	16200	243264
16300.2	16300	227336
16402.2	16400	222992
16500.2	16500	238920
16602.3	16600	209960
16706.3	16700	260640
16800.2	16800	246160
16900.2	16900	236024
17001.4	17000	224440
17101.4	17100	243264
17205.3	17200	220096
17300.2	17300	278016
17400.2	17400	260640
17500.2	17500	243264
17600.3	17600	266432
17700.3	17700	254848
17800.3	17800	94120
17901.3	17900	348968
18000.4	18000	250504
18100.3	18100	249056
18200.3	18200	247608
18300.3	18300	253400
18402.3	18400	249056
18500.2	18500	262088
18600.2	18600	231680
18701.3	18700	292496
18800.4	18800	272224
18900.3	18900	237472
19006.4	19000	283808
19100.3	19100	293944
19200.3	19200	259192
19300.3	19300	288152
19400.9	19400	267880
19509.3	19500	296840
19600.2	19600	291048
19700.2	19700	256296
19800.3	19800	285256
19902.3	19900	246160
20001.3	20000	278016
20100.3	20100	272224
20201.3	20200	267880
20307.4	20300	272224
20400.3	20400	266432
20502.4	20500	282360
20606.4	20600	264984
20706.3	20700	282360
20806.3	20800	272224
20900.3	20900	306976
21000.3	21000	305528
21100.4	21100	292496
21218.3	21200	340280
21312.4	21300	288152
21411.3	21400	267880
21501.5	21500	295392
21601.4	21600	292496
21702.4	21700	228784
21800.3	21800	335936
21901.4	21900	254848
22003.3	22000	263536
22100.4	22100	283808
22200.3	22200	324352
22303.4	22300	295392
22401.3	22400	289600
22510.6	22500	306976
22601.4	22600	272224
22700	22700	292496
22803.3	22800	327248
22900.4	22900	324352
23007.4	23000	348968
23108.3	23100	324352
23200.4	23200	301184
23300.3	23300	338832
23401.4	23400	301184
23500.3	23500	295392
23601.3	23600	333040
23700.3	23700	306976
23810.4	23800	338832
23912.4	23900	292496
24003.4	24000	314216
24100.5	24100	298288
24201.4	24200	338832
24308.4	24300	283808
24400.4	24400	327248
24501.4	24500	324352
24600.5	24600	301184
24700.6	24700	321456
24800.4	24800	312768
24902.5	24900	338832
25000.4	25000	356208
25100.4	25100	344624
25201.4	25200	344624
25306.4	25300	337384
25400.4	25400	353312
25500.4	25500	301184
25600.4	25600	359104
25706.5	25700	343176
25800.4	25800	350416
25901.4	25900	321456
26003.4	26000	306976
26100.5	26100	314216
26201.4	26200	325800
26336.4	26300	296840
26401.5	26400	63712
26506.4	26500	131768
26606.5	26600	137560
26707.5	26700	149144
26800.6	26800	315664
26900.5	26900	347520
27000.4	27000	341728
27103.5	27100	341728
27201.7	27200	353312
27300.5	27300	346072
27401.5	27400	364896
27500.2	27500	341728
27605.5	27600	359104
27700.4	27700	372136
27800.4	27800	353312
27900.7	27900	341728
28001.5	28000	367792
28100.4	28100	353312
28200.4	28200	341728
28300.5	28300	366344
28408.5	28400	370688
28500.5	28500	356208
28605.5	28600	331592
28701.4	28700	344624
28800.5	28800	359104
28904.5	28900	348968
29002.5	29000	351864
29100.5	29100	346072
29200.5	29200	343176
29300.5	29300	372136
29405.5	29400	348968
29501.5	29500	350416
29600.4	29600	360552
29700.5	29700	360552
29800.4	29800	340280
29901.5	29900	354760
30000.5	30000	363448
30105.5	30100	344624
30205.5	30200	356208
30301.5	30300	353312
30406.6	30400	383720
30504.8	30500	344624
30600.5	30600	347520
30701.5	30700	377928
30801.6	30800	369240
30900.4	30900	359104
31001.5	31000	370688
31100.5	31100	359104
31200.5	31200	379376
31308.5	31300	370688
31400.7	31400	298288
31527.5	31500	295392
31642.6	31600	125976
31741.6	31700	131768
31800	31800	120184
31900.6	31900	373584
32000.6	32000	353312
32101.5	32100	366344
32200.5	32200	350416
32309.5	32300	364896
32400.6	32400	373584
32501.5	32500	334488
32606.5	32600	372136
32703.5	32700	360552
32800	32800	366344
32907.5	32900	377928
33000.7	33000	372136
33101.6	33100	364896
33200.6	33200	373584
33304.6	33300	338832
33400.5	33400	369240
33501.6	33500	347520
33600.6	33600	372136
33700.6	33700	376480
33800.5	33800	348968
33900.5	33900	366344
34000.5	34000	379376
34101.6	34100	356208
34200.5	34200	402544
34301.5	34300	340280
34400.9	34400	389512
34500.6	34500	356208
34600.7	34600	346072
34702.6	34700	344624
34801.6	34800	356208
34900.5	34900	389512
35000.5	35000	372136
35100.6	35100	338832
35201.6	35200	356208
35300.6	35300	376480
35400.7	35400	348968
35501.6	35500	356208
35600.6	35600	369240
35702.8	35700	335936
35802.6	35800	376480
35900.7	35900	396752
36001.6	36000	338832
36100.5	36100	409784
36200.6	36200	231680
36300.6	36300	505352
36404.7	36400	340280
36500.6	36500	350416
36603.7	36600	362000
36700.6	36700	385168
36800.6	36800	340280
36912.7	36900	348968
37016.7	37000	243264
37107.6	37100	249056
37225.7	37200	262088
37337.6	37300	247608
37405.7	37400	169416
37531.7	37500	328696
37611.7	37600	175208
37700.6	37700	328696
37800.6	37800	363448
37903.7	37900	389512
38002.3	38000	370688
38100.6	38100	359104
38201.8	38200	357656
38300.6	38300	389512
38400.6	38400	370688
38508.7	38500	379376
38601.1	38600	347520
38700.6	38700	341728
38800.7	38800	388064
38900.7	38900	347520
39000.7	39000	389512
39100.7	39100	364896
39200.7	39200	372136
39302.6	39300	346072
39400.6	39400	390960
39500.6	39500	363448
39605.7	39600	346072
39700.6	39700	380824
39800.6	39800	353312
39900.8	39900	392408
40000.6	40000	380824
40100.7	40100	341728
40200.7	40200	376480
40307.7	40300	350416
40400.7	40400	353312
40500.7	40500	372136
40600.1	40600	350416
40700.7	40700	227336
40801.1	40800	448880
40901.1	40900	364896
41109.8	41000	24616
41109.9	41100	0
41200.7	41200	263536
41300.7	41300	362000
41401.7	41400	375032
41500.7	41500	359104
41603.7	41600	334488
41700.7	41700	386616
41801.7	41800	315664
41901.8	41900	393856
42001.7	42000	315664
42101.7	42100	221544
42202.1	42200	224440
42306.7	42300	218648
42401.8	42400	320008
42508.7	42500	377928
42601.2	42600	359104
42700.7	42700	359104
42800.7	42800	362000
42900.8	42900	370688
43000.7	43000	367792
43101.7	43100	321456
43201.7	43200	362000
43302.7	43300	373584
43536.8	43400	136112
43536.9	43500	0
43600.8	43600	341728
43700.8	43700	283808
43800.7	43800	362000
43900.8	43900	335936
44000.9	44000	341728
44102	44100	283808
44200.8	44200	392408
44301.8	44300	369240
44400.7	44400	370688
44500.8	44500	359104
44600.5	44600	367792
44701	44700	364896
44800.8	44800	376480
44900.8	44900	363448
45000	45000	322904
45100.9	45100	408336
45200.9	45200	385168
45300.8	45300	375032
45400	45400	335936
45500	45500	383720
45604.9	45600	334488
45705.9	45700	372136
45800.9	45800	333040
45904.9	45900	362000
46008.9	46000	370688
46100.8	46100	353312
46200.8	46200	372136
46300.9	46300	357656
46402.8	46400	338832
46500.9	46500	373584
46600.8	46600	351864
46701.9	46700	363448
46801.8	46800	385168
46906.9	46900	375032
47002.9	47000	356208
47112.9	47100	425712
47206.9	47200	315664
47328	47300	464808
47422.9	47400	328696
47516.8	47500	330144
47600.1	47600	335936
47700.9	47700	341728
47800.9	47800	386616
47900.9	47900	370688
48188.9	48000	314216
48189	48100	0
48200	48200	0
48306.9	48300	529968
48408	48400	327248
48505	48500	335936
48600.9	48600	356208
48700.8	48700	367792
48801	48800	359104
48900.9	48900	370688
49000.9	49000	347520
49100.9	49100	367792
49200.9	49200	353312
49300.8	49300	367792
49400	49400	364896
49500.8	49500	375032
49602.9	49600	335936
49700	49700	373584
49800.9	49800	373584
49901.9	49900	347520
50002	50000	364896
50198	50100	4344
50200	50200	0
50300.9	50300	408336
