0	0	1
283.021	100	114392
283.096	200	0
487.986	300	0
488.122	400	0
501.95	500	7240
734.107	600	43440
734.154	700	0
801.909	800	121632
1036.05	900	27512
1036.11	1000	0
1241.97	1100	0
1242	1200	0
1444.97	1300	17376
1445.04	1400	1448
1682.98	1500	105704
1683.01	1600	0
1700.12	1700	34752
1986.02	1800	85432
1986.08	1900	0
2001.04	2000	1448
2101.01	2100	112944
2200.01	2200	105704
2300.95	2300	115840
2412.03	2400	78192
2572.1	2500	0
2775.06	2600	0
2775.11	2700	0
2800	2800	53576
3073.16	2900	79640
3073.18	3000	0
3292.03	3100	1448
3292.08	3200	21720
3313.06	3300	0
3404.09	3400	102808
3502.08	3500	95568
3771.05	3600	70952
3771.13	3700	0
3801.07	3800	33304
3902.05	3900	91224
4000.06	4000	110048
4107.06	4100	131768
4208.07	4200	79640
4371.1	4300	0
4578.07	4400	0
4578.13	4500	0
4601.07	4600	44888
4886.05	4700	73848
4886.15	4800	0
5090.1	4900	0
5090.22	5000	1448
5113.07	5100	20272
5202.02	5200	101360
5314.11	5300	97016
5538.06	5400	15928
5538.12	5500	0
5600.01	5600	73848
5706.03	5700	104256
5809.18	5800	114392
5901.17	5900	102808
6010.02	6000	128872
6100.03	6100	121632
6201.09	6200	139008
6300.05	6300	162176
6400.05	6400	130320
6501.05	6500	136112
6605.08	6600	156384
6701.09	6700	172312
6807.12	6800	97016
6973.08	6900	0
7001.06	7000	63712
7292.13	7100	128872
7292.26	7200	0
7498.13	7300	0
7498.21	7400	0
7500.05	7500	0
7605.09	7600	169416
7705.08	7700	140456
7801.11	7800	125976
8022.18	7900	30408
8022.21	8000	0
8101.15	8100	121632
8363.17	8200	76744
8363.19	8300	0
8427.13	8400	72400
8517.15	8500	46336
8605.09	8600	107152
8701.36	8700	131768
8801.12	8800	170864
8908.12	8900	157832
9002.18	9000	152040
9107.14	9100	173760
9201.11	9200	165072
9300.22	9300	170864
9401.15	9400	185344
9502.14	9500	170864
9607.15	9600	195480
9700.3	9700	162176
9802.16	9800	149144
10103.2	9900	166520
10103.2	10000	0
10104.2	10100	0
10201.1	10200	220096
10300.1	10300	136112
10406.3	10400	195480
10502.2	10500	189688
10606.1	10600	175208
10700.2	10700	198376
10800.1	10800	186792
10900.2	10900	209960
11001.2	11000	208512
11100.1	11100	208512
11200.2	11200	211408
11303.2	11300	188240
11404.2	11400	195480
11500.2	11500	208512
11602.2	11600	162176
11700.2	11700	188240
11803.2	11800	191136
11900.1	11900	188240
12008.2	12000	186792
12105.1	12100	191136
12202.2	12200	202720
12300.2	12300	236024
12402.2	12400	227336
12500.2	12500	231680
12601.1	12600	233128
12700.3	12700	217200
12803.3	12800	215752
12900.2	12900	236024
13003.2	13000	236024
13106.2	13100	207064
13200.2	13200	224440
13300.4	13300	196928
13415.2	13400	262088
13514.3	13500	209960
13603.2	13600	196928
13700.2	13700	236024
13801.1	13800	246160
13900.2	13900	243264
14003.6	14000	237472
14100.3	14100	260640
14200.2	14200	267880
14300.3	14300	249056
14403.3	14400	240368
14500.2	14500	283808
14601.2	14600	266432
14706.8	14700	249056
14801.3	14800	254848
14900.3	14900	249056
15001.3	15000	218648
15101.3	15100	257744
15201.3	15200	243264
15301.3	15300	257744
15404.2	15400	262088
15500.2	15500	301184
15600.2	15600	298288
15708.3	15700	272224
15800.3	15800	267880
15900.2	15900	266432
16006.3	16000	260640
16100.3	16100	273672
16203.7	16200	269328
16300.3	16300	278016
16401.4	16400	273672
16503.3	16500	246160
16601.3	16600	263536
16700.4	16700	237472
16800.3	16800	278016
16901.2	16900	286704
17003.3	17000	260640
17102.3	17100	267880
17205.5	17200	301184
17304.4	17300	309872
17400.4	17400	295392
17502.3	17500	308424
17600.2	17600	289600
17703.2	17700	295392
17803.4	17800	288152
17906.2	17900	324352
18000.3	18000	304080
18106.3	18100	288152
18200.5	18200	314216
18300.3	18300	320008
18412.3	18400	311320
18518.4	18500	315664
18617.6	18600	222992
18706.1	18700	256296
18803.3	18800	269328
18900.3	18900	325800
19001.4	19000	331592
19100.3	19100	317112
19200.3	19200	324352
19300.3	19300	335936
19400.3	19400	327248
19500.4	19500	327248
19606.3	19600	354760
19700.4	19700	318560
19809.5	19800	347520
19906.4	19900	295392
20001.4	20000	304080
20100.4	20100	362000
20200.3	20200	338832
20300.5	20300	304080
20400.3	20400	350416
20503.4	20500	304080
20600.3	20600	367792
20703.5	20700	315664
20801.3	20800	338832
20900.3	20900	353312
21008.4	21000	350416
21100.4	21100	359104
21205.4	21200	330144
21301.4	21300	327248
21400.4	21400	356208
21500.4	21500	306976
21600.4	21600	379376
21700.1	21700	350416
21801.5	21800	356208
21900.3	21900	350416
22000.4	22000	338832
22100.3	22100	333040
22200.3	22200	370688
22300.4	22300	353312
22400.4	22400	370688
22500.4	22500	330144
22601.4	22600	347520
22704.4	22700	350416
22801.4	22800	350416
22904.1	22900	364896
23004.4	23000	356208
23100.4	23100	367792
23204.4	23200	353312
23302.4	23300	330144
23400.4	23400	396752
23513.4	23500	401096
23602.5	23600	291048
23723.5	23700	464808
23812.5	23800	311320
23907.4	23900	338832
24000.5	24000	334488
24100.3	24100	370688
24200.3	24200	367792
24307.5	24300	347520
24401.5	24400	341728
24500.4	24500	393856
24600.4	24600	363448
24700.4	24700	367792
24806.5	24800	363448
24901.5	24900	379376
25003.4	25000	341728
25100.4	25100	379376
25200.4	25200	366344
25301.5	25300	373584
25400.5	25400	340280
25500.6	25500	379376
25601.5	25600	363448
25700.4	25700	338832
25801.5	25800	396752
25900.5	25900	370688
26003.5	26000	334488
26242.5	26100	154936
26242.6	26200	0
26300.5	26300	362000
26400.5	26400	347520
26507.5	26500	376480
26600.6	26600	385168
26700.4	26700	367792
26800.4	26800	380824
26902.5	26900	353312
27001.5	27000	408336
27100.5	27100	375032
27200.4	27200	359104
27300.5	27300	347520
27400.4	27400	376480
27500.5	27500	341728
27600.4	27600	376480
27701.4	27700	386616
27800.5	27800	376480
27901.5	27900	373584
28000.5	28000	353312
28101.5	28100	362000
28200.5	28200	356208
28300.5	28300	385168
28402.5	28400	335936
28500.5	28500	395304
28611.5	28600	314216
28716.6	28700	363448
28823.5	28800	338832
28926.5	28900	283808
29012.6	29000	348968
29100.9	29100	337384
29206.7	29200	364896
29301.6	29300	353312
29407.6	29400	396752
29505.5	29500	357656
29603.5	29600	359104
29706.5	29700	382272
29800.5	29800	373584
29906.6	29900	360552
30000.5	30000	379376
30106.6	30100	360552
30200.5	30200	364896
30300.6	30300	380824
30400.6	30400	370688
30501.6	30500	364896
30600.6	30600	353312
30700.6	30700	388064
30800.5	30800	379376
30900.6	30900	359104
31000.6	31000	344624
31100.6	31100	372136
31200.5	31200	376480
31301.6	31300	376480
31400.6	31400	370688
31500.5	31500	362000
31607.6	31600	379376
31701.6	31700	348968
31800.5	31800	172312
31908.6	31900	564720
32000.6	32000	369240
32108.6	32100	385168
32200.5	32200	356208
32300.5	32300	350416
32400.6	32400	362000
32500.5	32500	375032
32600.5	32600	373584
32700.6	32700	372136
32800.5	32800	344624
32901.6	32900	356208
33001.4	33000	382272
33245.6	33100	115840
33250.6	33200	0
33300.6	33300	209960
33400.5	33400	435848
33500.5	33500	350416
33618.6	33600	418472
33712.6	33700	301184
33808.6	33800	305528
33928.6	33900	415576
34018.6	34000	289600
34108.6	34100	318560
34203.6	34200	282360
34300.6	34300	350416
34400.6	34400	353312
34500.6	34500	373584
34600.6	34600	370688
34701.6	34700	373584
34801.6	34800	382272
34901.6	34900	363448
35000.6	35000	376480
35106.6	35100	347520
35200.6	35200	359104
35300.7	35300	379376
35400.6	35400	356208
35500.6	35500	346072
35601.7	35600	359104
35700.6	35700	393856
35800.7	35800	367792
35900.6	35900	367792
36001.6	36000	362000
36100.6	36100	375032
36200.7	36200	366344
36300.6	36300	375032
36404.7	36400	364896
36500.6	36500	350416
36600.7	36600	396752
36700.7	36700	366344
36807.7	36800	366344
36900.7	36900	388064
37001.6	37000	356208
37100.7	37100	341728
37204.8	37200	380824
37300.4	37300	367792
37400.7	37400	364896
37500.7	37500	356208
37600.7	37600	392408
37700.8	37700	382272
37806.7	37800	344624
37900.8	37900	348968
38000.6	38000	388064
38100.7	38100	347520
38200.7	38200	395304
38301.7	38300	348968
38400.7	38400	344624
38503.7	38500	362000
38600.8	38600	388064
38727.8	38700	396752
38808.8	38800	144800
38905.8	38900	304080
