0	0	1
101.995	100	66608
204.933	200	85432
397.105	300	0
400.024	400	0
625.078	500	21720
625.119	600	0
876.015	700	102808
876.064	800	0
902.026	900	60816
1128.05	1000	26064
1128.11	1100	0
1333.03	1200	0
1333.09	1300	0
1402.92	1400	166520
1853.11	1500	26064
1853.2	1600	0
1853.22	1700	0
1853.23	1800	0
1906.06	1900	0
2114.06	2000	0
2114.15	2100	0
2341.07	2200	153488
2341.13	2300	0
2546.01	2400	0
2546.05	2500	0
2750.04	2600	0
2750.1	2700	0
2977.04	2800	107152
2977.09	2900	0
3001.97	3000	52128
3100.97	3100	105704
3208.98	3200	127424
3453.07	3300	62264
3453.1	3400	0
3659.02	3500	0
3659.98	3600	0
3701.99	3700	105704
3800.98	3800	94120
3904.11	3900	117288
4000.94	4000	130320
4100.44	4100	115840
4202.06	4200	94120
4331.98	4300	124528
4488.06	4400	0
4696.1	4500	0
4696.16	4600	0
4700.03	4700	0
4827.01	4800	162176
4997.05	4900	0
5000.02	5000	0
5201.16	5100	0
5201.23	5200	0
5301.23	5300	179552
5408.11	5400	133216
5501.01	5500	139008
5608.01	5600	136112
5896.07	5700	43440
5896.14	5800	0
5900.09	5900	8688
6004.35	6000	236024
6106.16	6100	102808
6201.05	6200	178104
6300.11	6300	72400
6400.01	6400	198376
6646.06	6500	43440
6648.2	6600	0
6704.54	6700	131768
6801.11	6800	120184
7040.13	6900	0
7040.2	7000	0
7100.04	7100	166520
7201.1	7200	149144
7301.02	7300	149144
7400.02	7400	153488
7505.05	7500	160728
7603.15	7600	69504
7701.03	7700	224440
7805.53	7800	144800
7906.23	7900	146248
8125.12	8000	43440
8125.17	8100	0
8333.14	8200	0
8333.21	8300	0
8400.12	8400	181000
8504.13	8500	149144
8741.27	8600	23168
8742.1	8700	0
8801.14	8800	110048
8902.07	8900	212856
9001.04	9000	152040
9100.13	9100	143352
9208.16	9200	133216
9300.09	9300	0
9409.12	9400	331592
9503.08	9500	152040
9600.15	9600	140456
9700.08	9700	144800
9808.1	9800	172312
9909.11	9900	167968
10000.1	10000	89776
10101.1	10100	211408
10208.2	10200	75296
10300.1	10300	224440
10531.2	10400	47784
10533.1	10500	0
10600.1	10600	176656
10702.2	10700	165072
10802.1	10800	78192
10901.2	10900	231680
11000.2	11000	143352
11101.1	11100	173760
11201.2	11200	160728
11301.1	11300	167968
11403.3	11400	154936
11502.8	11500	44888
11711.8	11600	26064
11712.1	11700	0
11801.1	11800	278016
11905.7	11900	188240
12000.1	12000	186792
12105.2	12100	188240
12200.5	12200	139008
12303.2	12300	199824
12400.1	12400	173760
12501.1	12500	195480
12600.1	12600	40544
12700.1	12700	312768
12801.3	12800	181000
12902.5	12900	169416
13115.3	13000	30408
13115.3	13100	0
13378.2	13200	92672
13378.3	13300	0
13404.2	13400	182448
13503.2	13500	185344
13607.3	13600	179552
13710.2	13700	169416
13800.1	13800	167968
13900.2	13900	172312
14002.2	14000	173760
14103.7	14100	176656
14204.2	14200	205616
14300.2	14300	214304
14400.2	14400	81088
14500.3	14500	296840
14600.2	14600	195480
14706.3	14700	118736
14806.3	14800	231680
14902.2	14900	209960
15005.3	15000	181000
15105.3	15100	208512
15200.3	15200	176656
15305.3	15300	202720
15400.3	15400	97016
15501.2	15500	262088
15602.3	15600	185344
15701.4	15700	167968
15802.2	15800	234576
15903.5	15900	196928
16000.2	16000	209960
16101.2	16100	102808
16200.2	16200	302632
16300.2	16300	231680
16404.3	16400	218648
16500.5	16500	225888
16602.3	16600	165072
16701.2	16700	285256
16800.3	16800	254848
16901.9	16900	212856
17002.3	17000	244712
17100.3	17100	221544
17202.3	17200	183896
17306.3	17300	243264
17400.2	17400	225888
17505.4	17500	218648
17600.2	17600	101360
17706.3	17700	340280
17801.3	17800	236024
17900.3	17900	162176
18003.3	18000	309872
18123.3	18100	270776
18213.3	18200	228784
18300.2	18300	228784
18400.3	18400	195480
18505.3	18500	273672
18603.3	18600	246160
18700.4	18700	227336
18801.3	18800	285256
18901.3	18900	243264
19000.3	19000	249056
19100.3	19100	257744
19200.5	19200	240368
19301.4	19300	157832
19400.3	19400	363448
19500.4	19500	240368
19600.4	19600	230232
19701.3	19700	299736
19800.2	19800	237472
19904.3	19900	211408
20000.3	20000	285256
20102.3	20100	263536
20200.3	20200	201272
20301.3	20300	282360
20400.3	20400	272224
20501.3	20500	254848
20600.3	20600	289600
20700.4	20700	266432
20800.3	20800	152040
20900.3	20900	401096
21000.5	21000	275120
21104.4	21100	207064
21200.3	21200	354760
21304.4	21300	269328
21400.3	21400	269328
21501.4	21500	254848
21601.4	21600	175208
21702.4	21700	353312
21801.4	21800	280912
21900.4	21900	257744
22000.3	22000	283808
22101.3	22100	260640
22200.4	22200	272224
22304.3	22300	292496
22401.3	22400	335936
22501.4	22500	315664
22601.4	22600	289600
22700.4	22700	178104
22800.4	22800	398200
22901.3	22900	341728
23001.4	23000	257744
23111.4	23100	322904
23228.3	23200	357656
23325.5	23300	279464
23400.3	23400	225888
23504.4	23500	279464
23600.3	23600	317112
23702.5	23700	152040
23801.5	23800	417024
23900.4	23900	259192
24008.5	24000	372136
24102.4	24100	278016
24201.4	24200	327248
24300.4	24300	312768
24400.4	24400	289600
24504.4	24500	330144
24600.4	24600	321456
24700.4	24700	353312
24800.5	24800	166520
24902.4	24900	508248
25000.4	25000	301184
25101.5	25100	356208
25200.4	25200	175208
25309.4	25300	461912
25400.5	25400	163624
25500.4	25500	461912
25600.4	25600	330144
25701.4	25700	335936
25990.4	25800	263536
25990.5	25900	0
26001.4	26000	0
26106.4	26100	476392
26200.4	26200	263536
26300.5	26300	335936
26407.5	26400	344624
26502.5	26500	304080
26605.4	26600	353312
26700.4	26700	359104
26802.5	26800	262088
26901.5	26900	380824
27000.4	27000	364896
27100.4	27100	347520
27203.5	27200	330144
27301.6	27300	338832
27400.4	27400	367792
27500.5	27500	199824
27600.4	27600	490872
27701.5	27700	333040
27800.4	27800	350416
27900.5	27900	344624
28000.6	28000	115840
28128.4	28100	651600
28220.5	28200	337384
28310.5	28300	276568
28428.5	28400	431504
28518.6	28500	285256
28612.5	28600	375032
28703.6	28700	324352
28803.4	28800	331592
28900.5	28900	143352
29000.4	29000	583544
29100.5	29100	227336
29200.6	29200	476392
29306.5	29300	341728
29400.4	29400	347520
29500.5	29500	362000
29600.5	29600	324352
29700.5	29700	375032
29801.5	29800	385168
29900.4	29900	356208
30001.5	30000	379376
30102.5	30100	335936
30204.5	30200	198376
30300.4	30300	528520
30400.4	30400	364896
30501.5	30500	353312
30601.5	30600	364896
30700.6	30700	279464
30800.5	30800	431504
30901.5	30900	379376
31006.5	31000	362000
31101.5	31100	390960
31200.5	31200	370688
31301.6	31300	211408
31400.5	31400	514040
31500.5	31500	356208
31600.5	31600	362000
31701.5	31700	269328
31800.5	31800	427160
31901.5	31900	379376
32007.5	32000	364896
32101.6	32100	379376
32200.5	32200	376480
32301.6	32300	215752
32400.5	32400	519832
32501.5	32500	367792
32602.5	32600	204168
32765.7	32700	0
32800.5	32800	0
32901.5	32900	567616
33002.5	33000	341728
33100.6	33100	399648
33200	33200	364896
33302.6	33300	370688
33424.6	33400	438744
33517.6	33500	383720
33613.5	33600	351864
33703.6	33700	318560
33800.6	33800	302632
33901.6	33900	415576
34006.6	34000	402544
34101.6	34100	205616
34201.6	34200	498112
34300.5	34300	364896
34400.6	34400	376480
34501.6	34500	377928
34600.5	34600	373584
34701.6	34700	127424
34800.6	34800	598024
34901.6	34900	360552
35151.7	35000	136112
35155	35100	0
35200.5	35200	0
35300.5	35300	687800
35400.5	35400	376480
35502.7	35500	344624
35601.5	35600	389512
35710.6	35700	376480
35800.6	35800	153488
35905.6	35900	593680
36168.7	36000	189688
36168.7	36100	0
36200.6	36200	0
36302.6	36300	574856
36400.5	36400	388064
36508.6	36500	377928
36600.6	36600	360552
36700	36700	376480
36804.6	36800	211408
36900.6	36900	518384
37005.6	37000	369240
37101.6	37100	379376
37210.6	37200	401096
37301.6	37300	324352
37407.7	37400	377928
37500.6	37500	363448
37601.7	37600	376480
37711.6	37700	405440
37801.7	37800	299736
37900.6	37900	396752
38002.6	38000	388064
38100.6	38100	153488
38200.6	38200	580648
38323.6	38300	430056
38412.8	38400	334488
38507.6	38500	298288
38612.6	38600	382272
38703.6	38700	317112
38800.7	38800	309872
38917.7	38900	375032
39000.6	39000	327248
39100.7	39100	137560
39200.6	39200	624088
39303.7	39300	348968
39401.7	39400	392408
39501.6	39500	222992
39609.7	39600	447432
39701.7	39700	395304
39800.6	39800	383720
39900.7	39900	364896
40000.7	40000	221544
40101.6	40100	498112
40202.7	40200	388064
40303.6	40300	350416
40401.7	40400	133216
40506.6	40500	629880
40605.7	40600	325800
40700.6	40700	382272
40802.6	40800	359104
40901.7	40900	308424
41001.6	41000	440192
41100.6	41100	363448
41200.6	41200	370688
41300.6	41300	356208
41402.7	41400	385168
41500.7	41500	359104
41600.7	41600	322904
41705.7	41700	438744
41800.7	41800	370688
41900.7	41900	366344
42003.7	42000	367792
42101.8	42100	366344
42200.7	42200	360552
42300.7	42300	367792
42401.7	42400	356208
42501.7	42500	377928
42600.6	42600	370688
42700.7	42700	369240
42800.7	42800	370688
42908.8	42900	363448
43001.7	43000	372136
43100.1	43100	212856
43200.7	43200	496664
43319.8	43300	347520
43432.6	43400	428608
43503	43500	272224
43621.7	43600	441640
43710.7	43700	312768
43800.7	43800	359104
43900.8	43900	250504
44006.8	44000	505352
44109.8	44100	344624
44200.8	44200	375032
44300.7	44300	389512
44401.8	44400	367792
44500.9	44500	150592
44608.8	44600	540104
44703.7	44700	363448
44801.8	44800	366344
44909.8	44900	362000
45001.8	45000	369240
45100.8	45100	306976
45201.2	45200	438744
45301.8	45300	376480
45405.8	45400	346072
45501.8	45500	399648
45600.8	45600	382272
45701.8	45700	373584
45807.9	45800	162176
46061	45900	160728
46063.9	46000	0
46100	46100	0
46200.9	46200	742824
46301.9	46300	379376
46400.9	46400	385168
46510.9	46500	375032
46601.9	46600	366344
46703.8	46700	362000
46800.9	46800	377928
46909.9	46900	366344
47002.8	47000	359104
47106.9	47100	395304
47200.1	47200	331592
47301.9	47300	351864
47400.9	47400	373584
47500.8	47500	360552
47605.9	47600	376480
47700.8	47700	350416
47801.9	47800	360552
47902	47900	367792
48000.8	48000	263536
48101.9	48100	474944
48200.8	48200	386616
48300.8	48300	364896
48401.9	48400	335936
48500.1	48500	338832
48603.9	48600	386616
48700.9	48700	373584
48800.9	48800	362000
48901.9	48900	334488
49021.9	49000	447432
49108.9	49100	363448
49218.9	49200	390960
49313.9	49300	314216
49404	49400	328696
49500.8	49500	133216
49601	49600	629880
49705.9	49700	267880
49805.9	49800	476392
49902	49900	306976
50006	50000	432952
50102	50100	363448
50200.9	50200	347520
50300	50300	403992
50400.1	50400	380824
50501.9	50500	376480
50600.9	50600	376480
50700	50700	380824
50805	50800	403992
50901.9	50900	356208
51001.9	51000	344624
51101.9	51100	415576
51200.9	51200	372136
51300.9	51300	379376
51406.1	51400	360552
51674	51500	205616
51677	51600	0
51700	51700	0
51808	51800	551688
51905	51900	367792
52000	52000	369240
52109	52100	366344
52200	52200	376480
52300.9	52300	390960
52400	52400	373584
52501.9	52500	386616
52600	52600	179552
52708.9	52700	563272
52802	52800	357656
52900	52900	373584
53006	53000	247608
53100	53100	444536
53202	53200	390960
53300	53300	390960
53400.4	53400	343176
53609	53500	0
53609.1	53600	0
53701	53700	134664
53800.1	53800	619744
53910	53900	370688
54028	54000	464808
54119	54100	321456
54209	54200	343176
54302	54300	312768
54423	54400	474944
54515.1	54500	347520
54603	54600	327248
54725	54700	472048
54800.9	54800	257744
54904.1	54900	231680
55001.1	55000	511144
55100	55100	377928
55200	55200	350416
55309	55300	396752
55400	55400	181000
55500	55500	518384
55600	55600	412680
55702	55700	382272
55800	55800	270776
55900.1	55900	454672
56000	56000	366344
56100	56100	362000
56200	56200	366344
56300	56300	269328
56402	56400	445984
56503	56500	369240
56601	56600	389512
56700	56700	373584
56809	56800	389512
56900.5	56900	372136
57000.1	57000	322904
57100	57100	417024
57200	57200	383720
57300	57300	376480
57410.1	57400	414128
57504.1	57500	335936
57600	57600	185344
57706	57700	521280
57801	57800	364896
57900.1	57900	398200
58000	58000	377928
58101.1	58100	364896
58200	58200	373584
58304	58300	375032
58400.1	58400	393856
58501	58500	382272
58606.1	58600	201272
58701.1	58700	537208
58800	58800	362000
58907.1	58900	373584
59010	59000	353312
59128.1	59100	490872
59229.1	59200	360552
59324.1	59300	269328
59412.2	59400	346072
59500	59500	273672
59615	59600	393856
59708.1	59700	315664
59800.1	59800	114392
59900.1	59900	611056
60004.2	60000	366344
60100	60100	354760
60200.1	60200	137560
60307.1	60300	590784
60404.1	60400	359104
60500.1	60500	366344
60600.1	60600	380824
60701.1	60700	383720
60800.1	60800	247608
60912.2	60900	521280
61000.2	61000	346072
61100.1	61100	267880
61200.1	61200	464808
61300.1	61300	376480
61400	61400	370688
61500.1	61500	364896
61600.1	61600	377928
61701.1	61700	157832
61800.1	61800	561824
61910.2	61900	380824
62000.1	62000	196928
62100.1	62100	516936
62201.1	62200	353312
62300.1	62300	372136
62400.1	62400	360552
62500	62500	363448
62603.1	62600	385168
62700.1	62700	241816
62800.1	62800	480736
62910.1	62900	401096
63004.1	63000	321456
63100.1	63100	398200
63200.1	63200	369240
63307.2	63300	393856
63400.1	63400	169416
63500.2	63500	534312
63600.1	63600	366344
63709.1	63700	367792
63800.1	63800	112944
63900.1	63900	616848
64015.2	64000	415576
64125.3	64100	306976
64229.2	64200	363448
64303.2	64300	264984
64425.2	64400	528520
64502.1	64500	295392
64600.2	64600	133216
64701.2	64700	583544
64800.1	64800	395304
64900.1	64900	337384
65000.2	65000	363448
65101.2	65100	356208
65200.1	65200	409784
65300.2	65300	369240
65408.2	65400	396752
65500.2	65500	346072
65600.1	65600	380824
65710.2	65700	414128
65808.1	65800	162176
65900.2	65900	537208
66008.2	66000	409784
66103.1	66100	321456
66200.1	66200	379376
66300.2	66300	373584
66404.2	66400	357656
66500.1	66500	379376
66600.3	66600	360552
66700.3	66700	199824
66803.3	66800	540104
66900.2	66900	353312
67001.4	67000	359104
67100.3	67100	377928
67200.3	67200	293944
67300.2	67300	419920
67400.2	67400	383720
67500.2	67500	328696
67601.1	67600	406888
67700.2	67700	370688
67800.3	67800	296840
67901.3	67900	441640
68005.3	68000	356208
68104.2	68100	330144
68201.2	68200	366344
68306.3	68300	376480
68401.3	68400	317112
68500.3	68500	198376
68600.2	68600	506800
68700.3	68700	379376
