0	0	1
114.979	100	65160
219.993	200	8688
306.991	300	2896
400.02	400	479288
501.011	500	602368
600.036	600	598024
702.041	700	605264
800.123	800	612504
901.021	900	595128
1001.12	1000	593680
1107.15	1100	593680
1202.03	1200	511144
1303.17	1300	454672
1400.13	1400	496664
1501.07	1500	544448
1600.06	1600	611056
1700.07	1700	593680
1801.1	1800	596576
1901.06	1900	609608
2001.12	2000	596576
2100.09	2100	599472
2200.12	2200	595128
2300.06	2300	599472
2400.07	2400	606712
2500.07	2500	596576
2600.19	2600	590784
2700.05	2700	611056
2801.17	2800	598024
2900.11	2900	600920
3000.09	3000	596576
3101.22	3100	608160
3200.04	3200	602368
3301.16	3300	608160
3400.26	3400	582096
3500.05	3500	608160
3600.18	3600	598024
3700.17	3700	606712
3800.06	3800	596576
3900.06	3900	600920
4000.08	4000	608160
4101.15	4100	599472
4200.07	4200	586440
4301.11	4300	616848
4401.18	4400	596576
4500.12	4500	593680
4612.11	4600	602368
4705.19	4700	570512
4801.09	4800	600920
4900.11	4900	432952
5000.12	5000	322904
5104.12	5100	314216
5201.11	5200	293944
5303.19	5300	315664
5401.11	5400	464808
5500.13	5500	589336
5601.14	5600	618296
5701.16	5700	486528
5800.14	5800	690696
5900.13	5900	595128
6000.12	6000	595128
6100.3	6100	599472
6201.22	6200	606712
6300.19	6300	590784
6401.17	6400	608160
6500.12	6500	602368
6601.27	6600	590784
6700.18	6700	611056
6801.16	6800	605264
6900.17	6900	596576
7000.17	7000	596576
7100.23	7100	599472
7200.19	7200	602368
7300.24	7300	605264
7400.12	7400	593680
7500.16	7500	608160
7600.14	7600	596576
7700.21	7700	600920
7800.2	7800	598024
7901.17	7900	501008
8000.13	8000	301184
8100.14	8100	460464
8200.19	8200	386616
8300.24	8300	296840
8402.2	8400	301184
8502.18	8500	440192
8600.25	8600	490872
8701.27	8700	521280
8800.27	8800	514040
8909.26	8900	417024
9001.17	9000	338832
9101.26	9100	550240
9201.26	9200	580648
9300.23	9300	586440
9402.15	9400	577752
9508.25	9500	573408
9600.25	9600	557480
9700.17	9700	567616
9803.37	9800	440192
9901.23	9900	419920
10016.4	10000	421368
10115.3	10100	214304
10210.2	10200	185344
10306.2	10300	105704
10440.3	10400	23168
10500.3	10500	2896
10607.4	10600	121632
10700.2	10700	393856
10801.2	10800	453224
10900.2	10900	411232
11000.3	11000	527072
11104.3	11100	341728
11200.3	11200	356208
11301.2	11300	495216
11400.6	11400	577752
11501.3	11500	635672
11601.4	11600	599472
11700.2	11700	596576
11803.3	11800	598024
11900.2	11900	487976
12000.2	12000	577752
12101.2	12100	570512
12200.2	12200	615400
12300.3	12300	516936
12400.2	12400	558928
12504.4	12500	509696
12601.3	12600	514040
12701.3	12700	551688
12801.3	12800	660288
12901.4	12900	602368
13000.3	13000	587888
13100.2	13100	605264
13200.3	13200	602368
13300.2	13300	602368
13400.2	13400	593680
13500.3	13500	602368
13600.5	13600	602368
13700.3	13700	602368
13801.4	13800	602368
13900.2	13900	598024
14004.4	14000	567616
14100.4	14100	621192
14200.3	14200	605264
14301.3	14300	532864
14401.3	14400	373584
14503.3	14500	324352
14604.4	14600	253400
14700.3	14700	335936
14801.4	14800	385168
14901.4	14900	383720
15001.4	15000	359104
15124.4	15100	264984
15225.4	15200	279464
15368.4	15300	243264
15427.3	15400	121632
15540.3	15500	222992
15604.3	15600	104256
15701.4	15700	573408
15800.4	15800	602368
15900.4	15900	590784
16000.3	16000	611056
16101.4	16100	605264
16200.4	16200	587888
16301.3	16300	616848
16401.4	16400	602368
16501.4	16500	593680
16600.3	16600	596576
16700.4	16700	605264
16800.3	16800	605264
16900.3	16900	593680
17000.4	17000	596576
17100.3	17100	608160
17200.5	17200	590784
17300.3	17300	608160
17400.8	17400	605264
17500.3	17500	592232
17601.4	17600	619744
17700.3	17700	599472
17800.3	17800	582096
17900.4	17900	608160
18000.4	18000	596576
18100.5	18100	605264
18201.4	18200	596576
18300.4	18300	602368
18400.3	18400	608160
18501.4	18500	596576
18600.3	18600	602368
18700.5	18700	602368
18802.4	18800	564720
18900.3	18900	473496
19001.4	19000	330144
19100.3	19100	295392
19200.3	19200	405440
19300.4	19300	495216
19400.8	19400	457568
19500.3	19500	459016
19600.3	19600	376480
19701.3	19700	390960
19801.3	19800	385168
19902.4	19900	385168
20000.6	20000	385168
20100.4	20100	295392
20202.5	20200	309872
20300.4	20300	388064
20404.5	20400	456120
20500.5	20500	435848
20607.5	20600	522728
20700.4	20700	506800
20800.5	20800	509696
20900.4	20900	344624
21029.5	21000	324352
21105.5	21100	172312
21203.5	21200	306976
21305.4	21300	221544
21415.5	21400	220096
21515.4	21500	220096
21600.5	21600	356208
21700.4	21700	605264
21801.5	21800	590784
21900.4	21900	602368
22001.4	22000	598024
22100.5	22100	599472
22200.5	22200	603816
22301.4	22300	599472
22400.6	22400	605264
22500.4	22500	599472
22600.4	22600	584992
22700.4	22700	612504
22800.4	22800	599472
22901.4	22900	602368
23006.5	23000	582096
23100.6	23100	472048
23201.4	23200	324352
23301.4	23300	393856
23400	23400	382272
23501.4	23500	390960
23601.4	23600	385168
23700.5	23700	419920
23800.4	23800	515488
23900.4	23900	561824
24000.5	24000	603816
24100.4	24100	602368
24201.5	24200	587888
24300.4	24300	608160
24401.9	24400	602368
24500.4	24500	608160
24601.5	24600	599472
24700.4	24700	593680
24800.4	24800	611056
24900.5	24900	593680
25000.5	25000	596576
25100.4	25100	608160
25200.6	25200	587888
25300.5	25300	608160
25401.7	25400	602368
25500.6	25500	593680
25601.5	25600	564720
25708.6	25700	321456
25806.5	25800	40544
25901.6	25900	167968
26000.6	26000	590784
26100.5	26100	608160
26200.5	26200	596576
26300.5	26300	599472
26419.6	26400	566168
26501.6	26500	356208
26652.6	26600	525624
26706.6	26700	167968
26805.6	26800	327248
26925.6	26900	293944
27025.6	27000	237472
27101.6	27100	360552
27201.5	27200	606712
27301	27300	599472
27400.5	27400	590784
27500.4	27500	605264
27600.5	27600	599472
27700.6	27700	602368
27800.5	27800	592232
27901.3	27900	602368
28000.6	28000	599472
28105.7	28100	579200
28209.7	28200	619744
28301.6	28300	583544
28406.6	28400	535760
28500.5	28500	487976
28600.6	28600	508248
28700.6	28700	512592
28800.6	28800	515488
28900.6	28900	524176
29009.7	29000	503904
29101.6	29100	508248
29202.6	29200	421368
29301.6	29300	341728
29402.6	29400	280912
29501.6	29500	399648
29601.6	29600	388064
29700.6	29700	385168
29800.6	29800	382272
29900.5	29900	393856
30000.5	30000	362000
30101.6	30100	362000
30200.5	30200	359104
30301.6	30300	356208
30400.6	30400	367792
30501.6	30500	359104
30600.6	30600	350416
30702.6	30700	370688
30800.6	30800	353312
30901.6	30900	344624
31003.6	31000	321456
31104.5	31100	295392
31200.5	31200	254848
31300.5	31300	269328
31402.6	31400	260640
31512.6	31500	276568
31611.6	31600	170864
31714.6	31700	159280
31816.6	31800	137560
31909.6	31900	139008
32001.6	32000	133216
32110.6	32100	214304
32200.6	32200	249056
32301.6	32300	278016
32402.2	32400	266432
32500.6	32500	269328
32600.6	32600	266432
32708.7	32700	272224
32800.6	32800	347520
32902.7	32900	359104
33001.7	33000	350416
33101.7	33100	364896
33200.6	33200	356208
33300.6	33300	362000
33400.7	33400	388064
33500.7	33500	385168
33600.7	33600	388064
33701.7	33700	388064
33800.7	33800	379376
33901.7	33900	390960
34000.7	34000	364896
34100.7	34100	359104
34201.7	34200	359104
34301.7	34300	362000
34400.7	34400	359104
34500.7	34500	312768
34600.7	34600	263536
34702.7	34700	243264
34800.7	34800	263536
34903.5	34900	272224
35000.6	35000	266432
35101.6	35100	222992
35200.7	35200	208512
35301.7	35300	211408
35400.7	35400	196928
35501.7	35500	211408
35601.7	35600	208512
35700.6	35700	205616
35800.7	35800	205616
35905.7	35900	194032
36009.8	36000	40544
36102.8	36100	34752
36201.8	36200	182448
36300.7	36300	269328
36400.7	36400	269328
36500.8	36500	269328
36600.7	36600	272224
36701.7	36700	269328
36800.7	36800	269328
36900.7	36900	272224
37000.7	37000	263536
37147.8	37100	247608
37206.8	37200	97016
37326.9	37300	181000
37423.8	37400	115840
37500	37500	205616
37600.7	37600	364896
37701.7	37700	379376
37800	37800	376480
37900.8	37900	390960
38000.8	38000	385168
38100	38100	385168
38200.7	38200	390960
38301.8	38300	382272
38400.7	38400	390960
38500.8	38500	390960
38601.8	38600	388064
38700.7	38700	390960
38800.3	38800	382272
38900.7	38900	393856
39001.7	39000	376480
39101.8	39100	359104
39200.7	39200	362000
39300.8	39300	356208
39401.7	39400	243264
39500.8	39500	194032
39604.8	39600	194032
39702.8	39700	251952
39808.9	39800	335936
39902.8	39900	353312
40001.8	40000	353312
40101	40100	353312
40200.8	40200	353312
40302	40300	362000
40404.8	40400	335936
40503.8	40500	341728
40600.9	40600	298288
40702.8	40700	240368
40801.9	40800	275120
40901.8	40900	269328
41001.8	41000	269328
41100.9	41100	269328
41200.8	41200	249056
41301.9	41300	205616
41401.8	41400	208512
41502.9	41500	205616
41601.8	41600	208512
41700.8	41700	234576
41800.8	41800	263536
41901.8	41900	272224
42000.7	42000	269328
42125.9	42100	234576
42201.8	42200	81088
42328.8	42300	220096
42417.9	42400	137560
42508.9	42500	136112
42600	42600	344624
42703.1	42700	388064
42801.8	42800	309872
42902.8	42900	278016
43004.9	43000	289600
43102.9	43100	272224
43200.9	43200	280912
43303.9	43300	298288
43409.8	43400	312768
43500.8	43500	318560
43600.9	43600	367792
43700.9	43700	362000
43801.9	43800	359104
43901.9	43900	362000
44000	44000	359104
44100.9	44100	359104
44200.8	44200	359104
44300.9	44300	362000
44400.8	44400	356208
44501.9	44500	356208
44604.8	44600	280912
44701.9	44700	251952
44800.9	44800	269328
44901.8	44900	272224
45000.9	45000	263536
45100.9	45100	211408
45204.8	45200	321456
45301.9	45300	370688
45400	45400	356208
45501	45500	359104
45600.9	45600	367792
45700.9	45700	353312
45802	45800	359104
45901.9	45900	370688
46000	46000	350416
46100.9	46100	367792
46204.9	46200	139008
46305	46300	40544
46400.8	46400	165072
46500.9	46500	263536
46600.9	46600	185344
46700.8	46700	280912
46801.9	46800	266432
46900.9	46900	269328
47000.8	47000	269328
47101.9	47100	272224
47201	47200	269328
47300	47300	266432
47400.9	47400	269328
47500	47500	246160
47602	47600	191136
47731	47700	134664
47830.9	47800	195480
47900	47900	124528
48000	48000	246160
48101	48100	269328
48200	48200	269328
48302.1	48300	272224
48404	48400	257744
48501	48500	278016
48600	48600	269328
48700.9	48700	269328
48800.9	48800	272224
48900.9	48900	266432
49001	49000	269328
49100.1	49100	266432
49200.9	49200	275120
49302	49300	269328
49400	49400	266432
49502	49500	275120
49603	49600	257744
49700.1	49700	317112
49800.9	49800	362000
49900	49900	364896
50000	50000	359104
50101	50100	362000
50200.9	50200	376480
50300.9	50300	383720
50400	50400	385168
50500.1	50500	385168
50600	50600	350416
50701	50700	367792
50800	50800	333040
50904	50900	309872
51000	51000	269328
51100.9	51100	272224
51200	51200	266432
51301	51300	231680
51401.9	51400	202720
51500.9	51500	194032
51601	51600	165072
51701	51700	165072
51800	51800	124528
51901	51900	121632
52002	52000	153488
52100	52100	159280
52200	52200	165072
52309	52300	179552
52400	52400	199824
52500	52500	208512
52626	52600	191136
52726.1	52700	127424
52820.1	52800	83984
52906.1	52900	124528
53001	53000	194032
53102.1	53100	278016
53200.2	53200	263536
53300.1	53300	269328
53401.1	53400	269328
53501	53500	269328
53600.1	53600	269328
53700	53700	269328
53800	53800	214304
53901.1	53900	211408
54001	54000	202720
54101.1	54100	202720
54202.1	54200	167968
54302.2	54300	153488
54401.3	54400	121632
54675.1	54500	44888
54675.1	54600	0
54879.1	54700	0
54879.2	54800	0
55286.2	54900	17376
55286.3	55000	0
55286.3	55100	0
55286.3	55200	0
55499.2	55300	1448
55499.3	55400	1448
55704.2	55500	13032
55704.2	55600	0
55704.3	55700	0
55907.1	55800	0
55908	55900	0
56113.1	56000	0
56114.1	56100	0
56200.1	56200	160728
56302	56300	136112
56400.1	56400	127424
56501.1	56500	40544
56600.1	56600	46336
56700.1	56700	167968
56800	56800	167968
56900.1	56900	173760
57000.1	57000	167968
57100.1	57100	173760
57200.1	57200	170864
57300	57300	167968
57402.1	57400	167968
57500.1	57500	162176
57618.1	57600	154936
57713.1	57700	112944
57989.1	57800	82536
57989.2	57900	0
58003.2	58000	0
58100.1	58100	212856
58201	58200	165072
58300	58300	165072
58400.2	58400	165072
58501	58500	188240
58600.1	58600	199824
58700	58700	211408
58800	58800	211408
58901.1	58900	269328
59001.1	59000	272224
59101.1	59100	266432
59200.1	59200	269328
59300.1	59300	260640
59409.1	59400	315664
59500.1	59500	324352
59600.1	59600	353312
59700.1	59700	350416
59800.1	59800	347520
59901.1	59900	347520
60000.1	60000	341728
60100.2	60100	330144
60200.1	60200	286704
60301.1	60300	278016
60400.2	60400	266432
60500.2	60500	272224
60601.2	60600	269328
60700.2	60700	266432
60800.1	60800	251952
60900.2	60900	208512
61000.2	61000	199824
61101.2	61100	211408
61201.2	61200	202720
61301.2	61300	211408
61401.2	61400	202720
61501.2	61500	208512
61600.3	61600	205616
61701.2	61700	208512
61802.2	61800	205616
61900.2	61900	205616
62000.2	62000	202720
62101.2	62100	211408
62200.1	62200	202720
62300.2	62300	208512
62402.1	62400	211408
62501.2	62500	205616
62611.2	62600	188240
62711.2	62700	162176
62804.2	62800	78192
62922.3	62900	185344
63001.2	63000	147696
63100.2	63100	214304
63200.1	63200	251952
63300.3	63300	263536
63401.2	63400	272224
63501.3	63500	272224
63600.2	63600	266432
63701.3	63700	272224
63800.3	63800	269328
63901.2	63900	272224
64000.2	64000	269328
64100.2	64100	269328
64201.3	64200	266432
64300.3	64300	269328
64400.2	64400	272224
64500.2	64500	272224
64600.2	64600	246160
64700.1	64700	211408
64801.3	64800	208512
64901.3	64900	208512
65000.3	65000	199824
65100.2	65100	194032
65200.2	65200	165072
65301.3	65300	165072
65400.3	65400	165072
65500.2	65500	165072
65600.2	65600	127424
65701.3	65700	124528
65800.3	65800	115840
65901.3	65900	124528
66001.6	66000	121632
66101.2	66100	121632
66203.3	66200	121632
66301.3	66300	118736
66401.3	66400	121632
66500.3	66500	162176
66601.3	66600	165072
66700.3	66700	55024
66802.3	66800	40544
66901.3	66900	124528
67001.3	67000	167968
67100.3	67100	159280
67201.3	67200	173760
67300.3	67300	162176
67400.5	67400	165072
67501.3	67500	196928
67601.3	67600	202720
67702.3	67700	188240
67800.3	67800	196928
67900.4	67900	202720
68016.3	68000	238920
68107.3	68100	140456
68226.3	68200	199824
68317.4	68300	162176
68401.4	68400	146248
68502.4	68500	211408
68601.3	68600	202720
68700.3	68700	202720
68800.3	68800	194032
68901.3	68900	173760
69000.4	69000	162176
69100.3	69100	167968
69202.3	69200	165072
69302.4	69300	167968
69400.4	69400	159280
69500.3	69500	167968
69602.3	69600	165072
69706.4	69700	153488
69801.3	69800	165072
70101.3	69900	115840
70101.4	70000	0
70306.5	70100	0
70306.5	70200	0
70306.6	70300	0
76038.6	70400	1448
76052.5	70500	0
76054.4	70600	0
76056.4	70700	1448
76056.5	70800	1448
76066.4	70900	1448
76270.5	71000	0
76270.6	71100	0
76270.6	71200	0
76270.6	71300	0
76271.4	71400	0
76271.5	71500	0
76271.5	71600	0
76271.6	71700	0
76285.5	71800	13032
76285.6	71900	1448
76288.4	72000	4344
76289.4	72100	1448
76291.4	72200	1448
76293.4	72300	2896
76294.4	72400	1448
76296.4	72500	1448
76300.4	72600	5792
76302.4	72700	2896
76304.4	72800	4344
76310.4	72900	2896
76310.5	73000	1448
76311.4	73100	1448
76312.4	73200	2896
76314.4	73300	4344
76316.4	73400	2896
76317.4	73500	2896
76320.4	73600	2896
76322.4	73700	2896
76323.4	73800	2896
76326.4	73900	2896
76330.4	74000	2896
76332.4	74100	2896
76336.4	74200	2896
76376.5	74300	1448
76544.5	74400	0
76544.5	74500	0
76544.6	74600	0
76545.4	74700	0
76545.5	74800	0
76545.5	74900	0
76545.6	75000	0
76546.4	75100	0
76546.5	75200	0
76546.5	75300	0
76547.4	75400	0
76547.4	75500	0
76750.5	75600	0
76750.6	75700	0
76750.6	75800	0
76751.5	75900	0
76751.5	76000	0
76751.5	76100	0
76751.5	76200	0
76752.4	76300	0
76752.5	76400	0
76752.5	76500	0
76753.4	76600	0
76753.5	76700	0
76970.5	76800	30408
76970.6	76900	0
77177.5	77000	0
77177.5	77100	0
77200.5	77200	46336
77311.4	77300	82536
77407.5	77400	34752
77500.4	77500	115840
77600.5	77600	121632
77702.4	77700	118736
77800.4	77800	73848
77965.5	77900	0
78172.5	78000	0
78172.6	78100	0
78205.5	78200	50680
78632.5	78300	7240
78632.6	78400	0
78632.6	78500	0
78632.7	78600	0
82463.7	78700	1448
82478.6	78800	0
82478.8	78900	0
82478.8	79000	2896
82478.8	79100	1448
82492.5	79200	1448
82492.6	79300	1448
82492.6	79400	1448
82492.7	79500	4344
82494.6	79600	1448
82494.7	79700	11584
82494.7	79800	1448
82494.7	79900	11584
82507.6	80000	1448
82507.6	80100	1448
82507.7	80200	4344
82507.7	80300	1448
82507.7	80400	1448
82508.6	80500	2896
82508.6	80600	2896
82508.6	80700	2896
82508.6	80800	2896
82510.5	80900	2896
82521.6	81000	2896
82521.7	81100	2896
82521.7	81200	2896
82522.6	81300	2896
82522.6	81400	2896
82523.5	81500	2896
82523.6	81600	2896
82524.5	81700	2896
82524.7	81800	2896
82525.6	81900	2896
82525.7	82000	2896
82526.5	82100	2896
82526.6	82200	2896
82526.7	82300	2896
82535.6	82400	2896
82535.7	82500	2896
82601.7	82600	364896
82701.6	82700	616848
82801.6	82800	596576
82900.6	82900	602368
83000.6	83000	593680
83101.6	83100	599472
83200.5	83200	608160
83300.6	83300	599472
83401.6	83400	596576
83500.5	83500	602368
83600.6	83600	596576
83703.6	83700	506800
83801.6	83800	483632
83900.6	83900	350416
84000.6	84000	390960
84101.7	84100	359104
84208.7	84200	353312
84300.6	84300	362000
84400.6	84400	353312
84501.6	84500	367792
84600.5	84600	382272
84700.6	84700	385168
84800.6	84800	390960
84900.6	84900	324352
85001.6	85000	417024
85100.7	85100	509696
85200.6	85200	524176
85301.6	85300	515488
85401.6	85400	512592
85500.6	85500	512592
85600.6	85600	524176
85700.6	85700	502456
85800.6	85800	512592
85906.7	85900	485080
86000.6	86000	524176
86100.6	86100	509696
86200.6	86200	512592
86300.6	86300	466256
86400.7	86400	589336
86500.9	86500	600920
86601.6	86600	590784
86701.6	86700	596576
86800.6	86800	602368
86901.7	86900	608160
87000.6	87000	587888
87100.6	87100	605264
87200.6	87200	570512
87300.6	87300	602368
87401.7	87400	593680
87500.6	87500	608160
87600.7	87600	593680
