0	0	1
113.992	100	63712
201.022	200	63712
300.001	300	69504
409.023	400	183896
515.017	500	56472
604.995	600	60816
703.022	700	75296
961.018	800	53576
1169.08	900	0
1169.15	1000	0
1169.17	1100	0
1206.03	1200	5792
1310.13	1300	115840
1422.01	1400	181000
1523	1500	68056
1611.04	1600	69504
1702	1700	75296
1801.99	1800	112944
1903.13	1900	137560
2000.07	2000	144800
2238.24	2100	50680
2238.3	2200	2896
2302.01	2300	75296
2402.06	2400	83984
2504.03	2500	86880
2600.05	2600	81088
2702.03	2700	86880
2808.05	2800	86880
2901.02	2900	81088
3000.08	3000	81088
3101.01	3100	89776
3206.06	3200	83984
3300.04	3300	83984
3401.1	3400	86880
3501.03	3500	83984
3603.07	3600	85432
3705.14	3700	68056
3803.06	3800	81088
3904.04	3900	81088
4003.09	4000	86880
4106.05	4100	83984
4200.03	4200	81088
4306.07	4300	92672
4400.04	4400	78192
4501.04	4500	83984
4602.05	4600	86880
4702.11	4700	83984
4805.14	4800	86880
4904.07	4900	83984
5000.12	5000	81088
5100.22	5100	55024
5212.11	5200	114392
5308.13	5300	55024
5402.14	5400	69504
5500.07	5500	86880
5600.06	5600	83984
5701.1	5700	141904
5801.09	5800	194032
5902.11	5900	208512
6012.19	6000	205616
6106.11	6100	196928
6200.14	6200	199824
6300.2	6300	196928
6401.14	6400	208512
6663.18	6500	124528
6663.27	6600	0
6865.25	6700	0
6865.3	6800	0
6902.1	6900	97016
7004.21	7000	110048
7104.19	7100	121632
7201.13	7200	156384
7300.11	7300	156384
7403.18	7400	194032
7502.11	7500	205616
7608.21	7600	214304
7700.19	7700	185344
7808.19	7800	222992
7902.21	7900	196928
8001.23	8000	202720
8101.21	8100	211408
8200.15	8200	222992
8309.26	8300	214304
8405.17	8400	202720
8502.23	8500	202720
8601.25	8600	202720
8702.23	8700	211408
8801.26	8800	205616
8904.19	8900	208512
9002.15	9000	205616
9103.22	9100	208512
9201.17	9200	205616
9300.16	9300	209960
9404.24	9400	202720
9500.14	9500	217200
9604.19	9600	199824
9708.26	9700	208512
9803.17	9800	205616
9904.24	9900	208512
10007.2	10000	204168
10102.3	10100	195480
10222.2	10200	220096
10305.2	10300	33304
10401.2	10400	146248
10500.2	10500	205616
10601.2	10600	166520
10708.2	10700	150592
10804.3	10800	156384
10900.2	10900	167968
11001.2	11000	205616
11101.2	11100	199824
11203.3	11200	199824
11300.2	11300	211408
11401.2	11400	208512
11501.2	11500	208512
11603.2	11600	199824
11708.2	11700	225888
11801.2	11800	208512
11900.2	11900	205616
12000.2	12000	205616
12100.2	12100	208512
12201.2	12200	208512
12301.3	12300	205616
12400.2	12400	205616
12501.2	12500	205616
12600.2	12600	208512
12701.2	12700	208512
12801.2	12800	202720
12900.3	12900	237472
13008.3	13000	286704
13103.3	13100	251952
13201.2	13200	249056
13302.3	13300	269328
13403.2	13400	295392
13502.6	13500	266432
13603.3	13600	260640
13701.3	13700	278016
13800.4	13800	257744
13900.2	13900	280912
14002.4	14000	269328
14100.2	14100	269328
14200.3	14200	272224
14301.3	14300	272224
14400.3	14400	260640
14500.3	14500	275120
14600.3	14600	269328
14701.3	14700	272224
14800.2	14800	267880
14901.3	14900	260640
15000.2	15000	272224
15102.3	15100	269328
15200.4	15200	266432
15300.4	15300	272224
15425.4	15400	286704
15515.3	15500	173760
15604.3	15600	202720
15704.4	15700	205616
15800.3	15800	267880
15900.2	15900	272224
16000.2	16000	263536
16101.3	16100	272224
16200.3	16200	272224
16300.3	16300	269328
16400.3	16400	263536
16500.3	16500	272224
16606.5	16600	280912
16701.4	16700	237472
16800.3	16800	260640
16900.3	16900	275120
17003.4	17000	272224
17101.3	17100	289600
17206.3	17200	269328
17301.3	17300	269328
17400.3	17400	269328
17500.3	17500	272224
17601.4	17600	266432
17700.3	17700	275120
17801.4	17800	269328
17900.3	17900	269328
18001.3	18000	269328
18102.4	18100	272224
18201.3	18200	272224
18300.3	18300	260640
18404.4	18400	272224
18500.3	18500	269328
18600.3	18600	120184
18705.4	18700	399648
18800.3	18800	237472
18900.4	18900	263536
19002.4	19000	272224
19105.4	19100	272224
19200.3	19200	263536
19301.4	19300	269328
19405.4	19400	275120
19500.3	19500	266432
19600.3	19600	257744
19702.4	19700	272224
19800.3	19800	257744
19900.3	19900	286704
20000.3	20000	272224
20100.3	20100	266432
20200.4	20200	266432
20300.3	20300	272224
20410.4	20400	293944
20504.4	20500	211408
20625.4	20600	330144
20713.4	20700	243264
20800.3	20800	228784
20900.3	20900	275120
21001.4	21000	269328
21100.4	21100	269328
21200.4	21200	269328
21300.4	21300	272224
21400.5	21400	269328
21500.4	21500	269328
21600	21600	263536
21701.5	21700	278016
21801.4	21800	269328
21900.4	21900	266432
22000.4	22000	266432
22102.4	22100	237472
22205.4	22200	298288
22301.4	22300	257744
22400.4	22400	283808
22504.5	22500	251952
22606.4	22600	289600
22700.7	22700	169416
22803.5	22800	338832
22902.4	22900	231680
23007.5	23000	249056
23103.4	23100	225888
23200.4	23200	278016
23300.4	23300	269328
23400.4	23400	272224
23501.5	23500	269328
23600.4	23600	272224
23700.4	23700	257744
23800.5	23800	266432
23900.4	23900	254848
24009.6	24000	272224
24102.5	24100	263536
24201.5	24200	286704
24300.4	24300	254848
24400.4	24400	260640
24500.5	24500	272224
24602.5	24600	278016
24701.6	24700	266432
24800.6	24800	263536
24903.6	24900	280912
25005.5	25000	266432
25101.6	25100	266432
25200.5	25200	269328
25300.5	25300	269328
25401.5	25400	272224
25523.5	25500	324352
25613.7	25600	240368
25724.6	25700	327248
25800.5	25800	205616
25901.5	25900	269328
26000.5	26000	272224
26100.5	26100	266432
26200.5	26200	275120
26300.6	26300	137560
26400.6	26400	395304
26500.6	26500	272224
26600.5	26600	269328
26700.5	26700	269328
26800.6	26800	269328
26900.6	26900	257744
27000.6	27000	280912
27100.7	27100	269328
27200.7	27200	269328
27300.8	27300	266432
27400.5	27400	266432
27502.6	27500	272224
27600.6	27600	266432
27700.5	27700	272224
27800.6	27800	269328
27900.6	27900	269328
28001.6	28000	269328
28100.6	28100	269328
28200.6	28200	266432
28300.6	28300	272224
28400.5	28400	269328
28500.6	28500	272224
28601.6	28600	272224
