0	0	1
123.03	100	65160
200.962	200	85432
300.989	300	375032
400.031	400	312768
505.984	500	312768
605.001	600	399648
700.009	700	424264
800.007	800	333040
900.978	900	418472
1001.15	1000	357656
1101.02	1100	370688
1201.02	1200	367792
1300.16	1300	350416
1403.1	1400	356208
1500.97	1500	392408
1605.01	1600	350416
1700.98	1700	388064
1806.03	1800	360552
1905.02	1900	363448
2000.07	2000	372136
2105.05	2100	327248
2200	2200	401096
2301	2300	377928
2400.01	2400	372136
2501.04	2500	364896
2602.03	2600	324352
2700.01	2700	398200
2805.05	2800	338832
2901.04	2900	380824
3000	3000	347520
3104	3100	360552
3201.26	3200	363448
3301.1	3300	324352
3400.04	3400	376480
3501.08	3500	373584
3601.04	3600	356208
3701.02	3700	369240
3803.12	3800	333040
3906.12	3900	359104
4000.99	4000	383720
4100.05	4100	324352
4200.99	4200	367792
4301.19	4300	372136
4408.01	4400	369240
4500.06	4500	340280
4601.01	4600	357656
4700	4700	353312
4800.08	4800	331592
4901.05	4900	348968
5008.06	5000	385168
5100.02	5100	337384
5208.09	5200	357656
5301.08	5300	357656
5405.1	5400	341728
5500.05	5500	363448
5601.04	5600	373584
5700.05	5700	354760
5801.08	5800	340280
5900.05	5900	341728
6000.08	6000	362000
6103.07	6100	338832
6200.04	6200	335936
6300.05	6300	340280
6400.1	6400	333040
6500.04	6500	364896
6600.03	6600	343176
6701.16	6700	317112
6800.03	6800	359104
6900.08	6900	348968
7000.07	7000	364896
7101.13	7100	344624
7200.09	7200	282360
7301.28	7300	379376
7402.16	7400	327248
7500.6	7500	372136
7607.1	7600	346072
7708.13	7700	347520
7800.05	7800	335936
7900.16	7900	348968
8000.07	8000	353312
8101.22	8100	343176
8200.06	8200	330144
8300.11	8300	353312
8400.17	8400	330144
8507.12	8500	364896
8603.14	8600	267880
8708.18	8700	375032
8808.09	8800	305528
8904.16	8900	309872
9002.14	9000	321456
9100.16	9100	331592
9201.15	9200	337384
9301.2	9300	302632
9400.17	9400	314216
9501.25	9500	351864
9608.14	9600	325800
9701.15	9700	312768
9800.1	9800	321456
9907.15	9900	337384
10001.2	10000	317112
10105.2	10100	366344
10200.1	10200	334488
10300.1	10300	292496
10400.2	10400	318560
10500.2	10500	337384
10601.2	10600	317112
10700.3	10700	263536
10801.4	10800	312768
10900.2	10900	299736
11000.2	11000	283808
11104.2	11100	275120
11200.1	11200	292496
11303.2	11300	308424
11400.3	11400	320008
11501.2	11500	286704
11603.3	11600	302632
11705.2	11700	298288
11801.2	11800	289600
11900.1	11900	296840
12000.2	12000	325800
12104.2	12100	269328
12204.2	12200	289600
12308.2	12300	312768
12400.2	12400	275120
12500.2	12500	311320
12600.2	12600	259192
12700.6	12700	275120
12801.2	12800	267880
12900.2	12900	280912
13009.3	13000	282360
13107.2	13100	291048
13200.2	13200	276568
13301.3	13300	278016
13400.2	13400	264984
13500.2	13500	267880
13618.2	13600	364896
13708.2	13700	236024
13808.2	13800	230232
13917.2	13900	301184
14002.4	14000	218648
14100.2	14100	291048
14201.6	14200	259192
14300.2	14300	289600
14400.2	14400	254848
14501.3	14500	312768
14600.2	14600	283808
14700.2	14700	295392
14800.2	14800	133216
14901.2	14900	372136
15000.2	15000	249056
15106.3	15100	243264
15200.3	15200	243264
15307.3	15300	266432
15405.2	15400	240368
15501.2	15500	260640
15601.2	15600	217200
15700.3	15700	260640
15802.2	15800	234576
15900.2	15900	272224
16004.3	16000	251952
16100.3	16100	266432
16200.2	16200	246160
16300.2	16300	275120
16406.3	16400	231680
16506.3	16500	272224
16602.3	16600	240368
16702.4	16700	220096
16801.2	16800	246160
16900.3	16900	249056
17000.3	17000	202720
17100.4	17100	222992
17200.3	17200	240368
17300.2	17300	260640
17401.3	17400	220096
17502.3	17500	254848
17600.2	17600	240368
17701.3	17700	231680
17801.3	17800	205616
17900.3	17900	105704
18001.3	18000	359104
18103.4	18100	225888
18200.3	18200	240368
18300.3	18300	237472
18400.2	18400	225888
18500.4	18500	231680
18606.3	18600	201272
18719.4	18700	169416
18807.3	18800	189688
18902.4	18900	196928
19000.3	19000	205616
19100.5	19100	217200
19203.4	19200	188240
19301.3	19300	217200
19401.3	19400	191136
19503.4	19500	191136
19609.4	19600	211408
19704.3	19700	167968
19802.3	19800	202720
19908.4	19900	160728
20000.3	20000	221544
20108.4	20100	196928
20205.4	20200	188240
20307.3	20300	208512
20400.3	20400	167968
20506.3	20500	199824
20600.4	20600	228784
20702.4	20700	173760
20800.4	20800	191136
20900.4	20900	191136
21005.5	21000	162176
21278.4	21100	130320
21280.4	21200	0
21301.4	21300	98464
21401.3	21400	137560
21500.3	21500	176656
21605.6	21600	170864
21700.5	21700	167968
21801.5	21800	162176
21900.3	21900	176656
22129.4	22000	33304
22131.4	22100	0
22200.3	22200	167968
22309.5	22300	167968
22405.4	22400	182448
22500.5	22500	182448
22603.4	22600	150592
22866.5	22700	121632
22866.5	22800	0
23074.5	22900	0
23076.5	23000	0
23101.4	23100	121632
23202.4	23200	117288
23301.5	23300	63712
23401.4	23400	243264
23500.4	23500	170864
23614.5	23600	172312
23703.4	23700	172312
23802.4	23800	141904
23900.4	23900	127424
24002.4	24000	191136
24100.4	24100	72400
24200.5	24200	202720
24300.4	24300	198376
24403.5	24400	150592
24500.4	24500	176656
24601.4	24600	167968
24703.4	24700	147696
24800.5	24800	176656
24907.5	24900	156384
25000.4	25000	153488
25102.5	25100	79640
25201.5	25200	207064
25300.4	25300	141904
25573.5	25400	101360
25573.5	25500	0
25600.4	25600	23168
25822.5	25700	85432
25823.4	25800	0
25902.4	25900	159280
26001.4	26000	141904
26100.4	26100	63712
26200.4	26200	227336
26503.5	26300	144800
26504.4	26400	0
26505.5	26500	0
26600.4	26600	169416
26700.4	26700	82536
26803.6	26800	224440
26900.4	26900	63712
27001.5	27000	233128
27101.4	27100	127424
27209.6	27200	46336
27439.6	27300	92672
27439.7	27400	0
27503.5	27500	101360
27740.6	27600	39096
27741.4	27700	0
27985.6	27800	94120
27985.7	27900	0
28000.5	28000	0
28100.5	28100	183896
28200.6	28200	133216
28301.4	28300	133216
28405.6	28400	127424
28508.6	28500	139008
28600.5	28600	73848
28723.5	28700	214304
28828.6	28800	94120
28989.6	28900	0
29000.6	29000	0
29234.7	29100	66608
29234.8	29200	0
29307.6	29300	147696
29400.6	29400	70952
29633.6	29500	0
29633.6	29600	0
29838.6	29700	0
29838.7	29800	0
29901.5	29900	163624
30186.7	30000	78192
30186.7	30100	0
30201.7	30200	1448
30300.5	30300	169416
30400.5	30400	102808
30500.5	30500	136112
30600.6	30600	115840
30812.7	30700	0
30812.8	30800	0
30917.5	30900	120184
31085.6	31000	0
31100.6	31100	0
31318.7	31200	69504
31318.8	31300	0
31534.6	31400	0
31534.6	31500	49232
31603.7	31600	23168
31723.5	31700	65160
31881.6	31800	0
32085.6	31900	0
32085.7	32000	0
32100.5	32100	5792
32201.5	32200	60816
32301.5	32300	110048
32548.6	32400	43440
32548.7	32500	0
32755.6	32600	0
32755.6	32700	0
32801.6	32800	39096
33063.7	32900	60816
33063.8	33000	0
33267.7	33100	0
33267.7	33200	0
33319.6	33300	70952
33550.6	33400	10136
33551.6	33500	0
33753.6	33600	0
33753.7	33700	0
33970.6	33800	39096
33970.7	33900	0
34186	34000	17376
34186	34100	0
34200.6	34200	8688
34446.7	34300	7240
34446.7	34400	0
34503.6	34500	53576
34719.7	34600	10136
34719.7	34700	0
34804.6	34800	65160
35060.7	34900	50680
35060.7	35000	0
35265.7	35100	0
35266.6	35200	0
35318.6	35300	46336
35401.9	35400	23168
35507.6	35500	107152
35709.8	35600	0
35709.8	35700	0
35911.7	35800	0
35911.8	35900	0
36196.7	36000	69504
36197.6	36100	0
36200.8	36200	0
36459.8	36300	62264
36459.8	36400	0
36664.8	36500	0
36664.8	36600	0
36714.7	36700	27512
36803.6	36800	50680
37021.7	36900	7240
37021.7	37000	0
37225.7	37100	0
37225.8	37200	0
37302.6	37300	60816
37528.7	37400	7240
37528.7	37500	0
37732.7	37600	0
37732.7	37700	0
37801.7	37800	49232
37900.7	37900	55024
38001.8	38000	98464
38261.8	38100	56472
38261.8	38200	0
38464.9	38300	0
38464.9	38400	0
38500.7	38500	70952
38601.8	38600	78192
38700.7	38700	112944
38915.8	38800	14480
38915.8	38900	0
39122.7	39000	0
39122.8	39100	0
39384.8	39200	76744
39384.8	39300	0
39590.8	39400	0
39591.8	39500	0
39600.8	39600	0
39701.7	39700	97016
39922.7	39800	11584
39922.8	39900	0
40126.7	40000	0
40126.8	40100	1448
40407.8	40200	57920
40408.7	40300	0
40614.1	40400	0
40614.8	40500	0
40614.8	40600	0
40702.8	40700	46336
40972.8	40800	27512
40972.8	40900	0
41003.9	41000	36200
41113.7	41100	28960
41274.8	41200	0
41479.8	41300	0
41480.8	41400	0
41502.7	41500	20272
41609.8	41600	28960
41712.8	41700	36200
41880.9	41800	0
42086.9	41900	0
42087	42000	0
42101.7	42100	11584
42351.8	42200	28960
42351.9	42300	0
42405.9	42400	41992
42500.8	42500	76744
42719.9	42600	8688
42720.8	42700	0
42988.9	42800	63712
42989	42900	0
43004.7	43000	1448
43100.8	43100	104256
43238.8	43200	102808
43398.8	43300	0
43607.9	43400	0
43608	43500	0
43608	43600	0
43702.9	43700	70952
43800.9	43800	92672
44030.9	43900	30408
44031	44000	0
44234.9	44100	0
44235	44200	0
44301.8	44300	75296
44422.9	44400	73848
44590.9	44500	0
44600.8	44600	0
44846	44700	76744
44846	44800	0
45053.9	44900	0
45054.9	45000	0
45109.9	45100	75296
45339.9	45200	11584
45340	45300	0
45548	45400	0
45548.1	45500	0
45601.9	45600	75296
45707.9	45700	88328
45800.9	45800	99912
46031.9	45900	0
46032	46000	0
46238	46100	0
46238.1	46200	0
46465	46300	56472
46465.1	46400	0
46671	46500	0
46671.1	46600	0
46724	46700	112944
46948	46800	10136
46948.9	46900	0
47150.9	47000	0
47151	47100	0
