0	0	1
103.992	100	257744
200.051	200	267880
300.16	300	0
400.011	400	747168
500.013	500	375032
601.024	600	373584
700.997	700	315664
801.043	800	392408
901.049	900	360552
1005.09	1000	357656
1101.09	1100	362000
1200.93	1200	362000
1300.02	1300	344624
1400.99	1400	356208
1500	1500	334488
1609.02	1600	347520
1700.96	1700	321456
1800	1800	331592
1901.01	1900	382272
2002.07	2000	331592
2100.09	2100	382272
2353.09	2200	139008
2353.98	2300	0
2400.02	2400	194032
2502.08	2500	318560
2600.04	2600	356208
2700.03	2700	327248
2800.05	2800	373584
2900.05	2900	321456
3008.1	3000	348968
3100.06	3100	330144
3201.06	3200	354760
3300.08	3300	343176
3400.05	3400	363448
3506.99	3500	324352
3600	3600	359104
3708.06	3700	346072
3800.04	3800	353312
3900.01	3900	330144
4001	4000	308424
4100.12	4100	347520
4200.05	4200	299736
4303.09	4300	320008
4405.07	4400	325800
4500.02	4500	315664
4608.12	4600	311320
4700.03	4700	333040
4800.01	4800	350416
4906.08	4900	325800
5000.01	5000	348968
5100.1	5100	317112
5205.02	5200	302632
5300.08	5300	337384
5401.15	5400	324352
5506.06	5500	324352
5608.18	5600	270776
5708.04	5700	325800
5803.11	5800	275120
5900.04	5900	264984
6001.09	6000	278016
6101.06	6100	231680
6200.06	6200	301184
6304.1	6300	283808
6409.21	6400	312768
6506.07	6500	305528
6600.14	6600	282360
6706.1	6700	333040
6800.08	6800	249056
6900.05	6900	317112
7001.16	7000	247608
7101.05	7100	305528
7201.07	7200	295392
7301.1	7300	253400
7400.85	7400	275120
7500.03	7500	267880
7601.07	7600	266432
7701.06	7700	273672
7807.07	7800	257744
7901.04	7900	241816
8000.19	8000	318560
8101.09	8100	264984
8200.13	8200	263536
8302.15	8300	262088
8400.08	8400	285256
8500.08	8500	276568
8600.08	8600	275120
8701.12	8700	269328
8800.11	8800	169416
8900.09	8900	334488
9011.11	9000	282360
9100.06	9100	249056
9204.14	9200	247608
9326.11	9300	280912
9426.11	9400	215752
9522.15	9500	214304
9616.15	9600	181000
9708.17	9700	209960
9801.17	9800	221544
9900.09	9900	262088
10001.1	10000	257744
10107.1	10100	246160
10201.4	10200	225888
10302.2	10300	246160
10401.2	10400	254848
10502.2	10500	254848
10600.2	10600	241816
10700.2	10700	249056
10801.1	10800	152040
10900.1	10900	299736
11000.1	11000	237472
11107.2	11100	225888
11200.2	11200	214304
11300.2	11300	225888
11400.2	11400	225888
11503.2	11500	202720
11600.2	11600	231680
11701.1	11700	208512
11806.2	11800	211408
11900.1	11900	211408
12000.2	12000	196928
12105.2	12100	220096
12202.2	12200	231680
12300.1	12300	240368
12409.2	12400	222992
12501.2	12500	205616
12601.3	12600	88328
12704.3	12700	280912
12810.3	12800	225888
12904.2	12900	191136
13003.2	13000	179552
13102.3	13100	188240
13201.2	13200	170864
13305.2	13300	165072
13404.2	13400	188240
13500.3	13500	182448
13601.2	13600	188240
13705.4	13700	134664
13872.2	13800	0
14081.2	13900	0
14081.4	14000	0
14102	14100	107152
14210.2	14200	107152
14301.2	14300	117288
14405.2	14400	156384
14500.2	14500	173760
14600.2	14600	176656
14700.2	14700	150592
14911.3	14800	8688
14911.3	14900	0
15004.2	15000	215752
15105.2	15100	156384
15200.3	15200	170864
15301.2	15300	165072
15400.2	15400	179552
15500.3	15500	162176
15602.2	15600	156384
15702.2	15700	170864
15945.3	15800	69504
15945.4	15900	0
16005.3	16000	131768
16105.2	16100	162176
16203.2	16200	179552
16302.2	16300	159280
16407.3	16400	173760
16502.3	16500	147696
16602.2	16600	144800
16701.6	16700	170864
16951.3	16800	73848
16951.4	16900	0
17001.3	17000	114392
17100.2	17100	173760
17372.3	17200	86880
17372.4	17300	0
17402.3	17400	72400
17500.3	17500	110048
17609.3	17600	144800
17711.3	17700	156384
17800.2	17800	153488
17901.3	17900	144800
18193.3	18000	136112
18193.4	18100	0
18200.4	18200	0
18301.3	18300	182448
18400.3	18400	153488
18503.3	18500	144800
18600.3	18600	147696
18701.4	18700	165072
18801.3	18800	159280
18901.3	18900	162176
19015.4	19000	163624
19113.4	19100	118736
19378.4	19200	89776
19378.5	19300	0
19401.4	19400	1448
19508.4	19500	207064
19768.3	19600	78192
19768.4	19700	0
19803.4	19800	60816
19905.4	19900	118736
20001.3	20000	130320
20103.4	20100	127424
20208.4	20200	139008
20300.4	20300	130320
20401.4	20400	139008
20500.4	20500	147696
20605.4	20600	124528
20701.3	20700	150592
20919.4	20800	10136
20920.3	20900	0
21016.3	21000	111496
21187.4	21100	0
21202.4	21200	0
21302.4	21300	144800
21400.3	21400	112944
21502.4	21500	107152
21769.4	21600	75296
21769.5	21700	0
21800.5	21800	56472
21901.4	21900	107152
22002.4	22000	101360
22102.4	22100	124528
22201.4	22200	115840
22451.4	22300	57920
22451.5	22400	0
22684.4	22500	59368
22684.5	22600	0
22708.4	22700	1448
22908.4	22800	0
22908.5	22900	0
23007.4	23000	66608
23100.3	23100	63712
23201.4	23200	98464
23424.5	23300	8688
23424.6	23400	0
23629.5	23500	0
23629.6	23600	0
23706.4	23700	63712
23927.5	23800	13032
23927.6	23900	0
24002.4	24000	57920
24125.5	24100	18824
24275.8	24200	0
24479.5	24300	0
24479.5	24400	0
24500.4	24500	24616
24601.4	24600	50680
24877.5	24700	55024
24877.6	24800	0
25081.5	24900	0
25081.7	25000	0
25100.4	25100	24616
25205.4	25200	69504
25303.5	25300	86880
25400.4	25400	101360
25500.5	25500	101360
25600.5	25600	115840
25700.5	25700	104256
25923.6	25800	15928
25923.6	25900	0
26128.6	26000	0
26128.7	26100	0
26202.5	26200	101360
26414.6	26300	7240
26415.5	26400	0
26502.5	26500	79640
26600.5	26600	92672
26843.6	26700	37648
26843.7	26800	0
26901.4	26900	57920
27011.7	27000	89776
27230.5	27100	20272
27230.6	27200	0
27301.5	27300	68056
27410.5	27400	75296
27614.5	27500	4344
27614.6	27600	0
27740.5	27700	78192
27901.5	27800	0
27902.5	27900	0
28151.5	28000	24616
28151.5	28100	0
28207.5	28200	21720
28300.5	28300	56472
28523.5	28400	14480
28523.6	28500	0
28727.5	28600	0
28728.4	28700	0
28803.5	28800	50680
28901.5	28900	66608
29002.6	29000	101360
29241.6	29100	24616
29241.6	29200	0
29300.5	29300	57920
29720.6	29400	5792
29720.8	29500	0
29720.8	29600	0
29720.8	29700	0
29802.5	29800	53576
29903.6	29900	78192
30146.6	30000	37648
30146.6	30100	0
30553.7	30200	1448
30553.7	30300	20272
30553.8	30400	0
30553.8	30500	0
30611.7	30600	36200
30702.6	30700	75296
30932.6	30800	18824
30932.6	30900	0
31004.6	31000	62264
31223.6	31100	11584
31223.7	31200	0
31429.6	31300	0
31429.7	31400	0
31661.7	31500	21720
31663.4	31600	0
31705.6	31700	17376
31935.6	31800	8688
31936.6	31900	0
32001.7	32000	28960
32100.6	32100	57920
32319.6	32200	10136
32319.6	32300	0
32400.5	32400	53576
32500.6	32500	72400
32751.7	32600	37648
32752.6	32700	0
32955.7	32800	0
32956.6	32900	0
33160.7	33000	1448
33160.8	33100	7240
33204.6	33200	30408
33414.7	33300	2896
33414.7	33400	0
33500.6	33500	46336
33600.6	33600	69504
33874.7	33700	52128
33874.7	33800	0
33900.6	33900	28960
34018.6	34000	5792
34240.6	34100	13032
34240.7	34200	0
34304.6	34300	36200
34435.6	34400	56472
34608.6	34500	0
34608.8	34600	0
34708.6	34700	60816
34800.7	34800	47784
34966.6	34900	0
35000.6	35000	27512
35131.6	35100	60816
35304.6	35200	0
35304.7	35300	0
