0	0	1
109.958	100	65160
206.981	200	8688
300.015	300	418472
400.009	400	612504
500.074	500	379376
601.018	600	492320
700.987	700	173760
802.963	800	202720
900.054	900	259192
1006.99	1000	285256
1103.04	1100	334488
1365.12	1200	253400
1365.22	1300	0
1402.01	1400	133216
1500.06	1500	269328
1600.06	1600	305528
1703.09	1700	366344
1800.99	1800	314216
2071.17	1900	256296
2071.26	2000	0
2109.08	2100	112944
2316.14	2200	15928
2316.24	2300	0
2406.1	2400	194032
2663.17	2500	173760
2663.27	2600	0
2706.11	2700	104256
2801.01	2800	266432
2903.99	2900	295392
3000.12	3000	348968
3100.07	3100	406888
3200.38	3200	483632
3304	3300	551688
3402.07	3400	548792
3500.04	3500	554584
3609.06	3600	605264
3700.4	3700	561824
3801.06	3800	613952
3900.96	3900	606712
4000	4000	584992
4100.19	4100	577752
4200.07	4200	602368
4300.01	4300	602368
4400.1	4400	602368
4500.03	4500	596576
4600.04	4600	593680
4700.03	4700	603816
4800.03	4800	599472
4904.06	4900	589336
5024.03	5000	641464
5102.02	5100	293944
5223.07	5200	540104
5308.02	5300	377928
5433.07	5400	57920
5509.12	5500	308424
5600.11	5600	558928
5708.2	5700	571960
5806.04	5800	547344
5904.08	5900	545896
6000.13	6000	621192
6100.01	6100	577752
6208.26	6200	587888
6504.29	6300	587888
6504.4	6400	0
6504.43	6500	0
6709.16	6600	0
6709.23	6700	0
6801.11	6800	489424
7020.16	6900	63712
7020.27	7000	0
7100.12	7100	383720
7200.8	7200	438744
7423.23	7300	95568
7423.33	7400	0
7503.19	7500	292496
7774.21	7600	301184
7774.29	7700	0
7810.19	7800	99912
7902.14	7900	375032
8110.13	8000	2896
8110.21	8100	0
8208.18	8200	370688
8308.15	8300	447432
8400.07	8400	428608
8504.92	8500	438744
8602.09	8600	528520
8702.11	8700	489424
8802.11	8800	545896
9074.21	8900	372136
9075.08	9000	0
9100.11	9100	13032
9395.21	9200	333040
9395.31	9300	0
9401.21	9400	0
9600.16	9500	0
9600.24	9600	0
9704.18	9700	267880
9800.17	9800	273672
9900.22	9900	372136
10002.2	10000	364896
10100.2	10100	334488
10218.2	10200	296840
10306.2	10300	104256
10426.2	10400	249056
10500.2	10500	147696
10600.2	10600	264984
10702.2	10700	301184
10993.2	10800	324352
10993.4	10900	0
11000.3	11000	0
11101.2	11100	249056
11201.2	11200	233128
11307.3	11300	305528
11402.3	11400	366344
11503.2	11500	398200
11603.2	11600	415576
11702.2	11700	529968
11800.2	11800	534312
11901.2	11900	505352
12000.2	12000	519832
12108.2	12100	569064
12201.2	12200	593680
12303.2	12300	516936
12403.2	12400	564720
12500.2	12500	545896
12752.2	12600	256296
12752.3	12700	0
12959.3	12800	0
12959.4	12900	0
13001.2	13000	195480
13102.1	13100	356208
13343.3	13200	170864
13343.4	13300	0
13401.2	13400	166520
13501.4	13500	283808
13747.3	13600	121632
13747.5	13700	0
13801.4	13800	124528
13905.3	13900	221544
14000.2	14000	278016
14100.2	14100	364896
14208.2	14200	363448
14301.3	14300	377928
14401.2	14400	353312
14500.2	14500	388064
14600.2	14600	260640
14708.3	14700	372136
14802.4	14800	315664
15026.2	14900	78192
15027.2	15000	0
15100.2	15100	257744
15210.3	15200	228784
15329.3	15300	273672
15429.3	15400	134664
15534.3	15500	140456
15634.3	15600	146248
15734.3	15700	152040
15809.3	15800	178104
15901.3	15900	364896
16007.3	16000	230232
16103.3	16100	453224
16201.2	16200	304080
16300.2	16300	356208
16409.2	16400	359104
16501.2	16500	243264
16601.3	16600	249056
16703.3	16700	196928
16800.3	16800	110048
16900.2	16900	288152
17000.3	17000	234576
17103.3	17100	260640
17202.3	17200	340280
17300.3	17300	346072
17400.3	17400	390960
17502.3	17500	335936
17600.3	17600	506800
17703.3	17700	466256
17926.4	17800	102808
17926.5	17900	0
18002.4	18000	272224
18100.3	18100	380824
18200.9	18200	440192
18308.4	18300	498112
18407.4	18400	432952
18500.3	18500	515488
18602.4	18600	587888
18701	18700	550240
18803.4	18800	524176
18902.3	18900	498112
19000.3	19000	563272
19108.3	19100	570512
19208.4	19200	583544
19303.4	19300	509696
19404.4	19400	524176
19500.4	19500	570512
19600.4	19600	589336
19707.5	19700	570512
19800.3	19800	598024
19904.1	19900	558928
20008.4	20000	593680
20100.3	20100	592232
20200.3	20200	551688
20305.4	20300	583544
20414.3	20400	459016
20578.3	20500	0
20600.3	20600	0
20700.3	20700	496664
20804.4	20800	275120
20906.3	20900	256296
21149.4	21000	110048
21149.5	21100	0
21201	21200	236024
21300.4	21300	369240
21400.3	21400	377928
21500.4	21500	377928
21608.3	21600	385168
21701.1	21700	357656
21800.3	21800	328696
21900.4	21900	263536
22001.4	22000	474944
22100.4	22100	496664
22218.4	22200	367792
22378.4	22300	0
22402.5	22400	1448
22501.4	22500	415576
22600.3	22600	312768
22708.4	22700	379376
22800.4	22800	363448
22900.4	22900	379376
23000.4	23000	379376
23100.5	23100	395304
23200.3	23200	372136
23300.4	23300	372136
23400.4	23400	390960
23500.4	23500	380824
23600.4	23600	390960
23700.4	23700	382272
23800.4	23800	370688
23900.4	23900	396752
24001.4	24000	372136
24102.4	24100	364896
24200.4	24200	398200
24300.4	24300	385168
24403.4	24400	346072
24500.4	24500	360552
24600.4	24600	357656
24702.4	24700	330144
24807.5	24800	302632
24900.3	24900	267880
25008.5	25000	120184
25100.4	25100	396752
25209.4	25200	266432
25300.4	25300	214304
25401.4	25400	198376
25523.5	25500	201272
25614.4	25600	156384
25719.4	25700	133216
25911.5	25800	0
25911.5	25900	0
26344.5	26000	86880
26344.6	26100	0
26751.5	26200	1448
26765.5	26300	1448
28213.5	26400	1448
28236.5	26500	2896
28236.6	26600	1448
28250.5	26700	1448
28250.6	26800	1448
28250.6	26900	1448
28252.4	27000	1448
28252.5	27100	2896
28264.5	27200	1448
28264.6	27300	1448
28264.7	27400	1448
28275.5	27500	1448
28275.6	27600	1448
28275.6	27700	1448
28275.7	27800	1448
28275.7	27900	1448
28277.4	28000	2896
28292.1	28100	2896
28328.5	28200	21720
28385.5	28300	23168
28408.5	28400	2896
28508.9	28500	104256
28607.5	28600	156384
28701.5	28700	240368
28801.4	28800	282360
28911.5	28900	338832
29000.6	29000	301184
29100.6	29100	380824
29205.5	29200	306976
29303.6	29300	269328
29401.6	29400	327248
29501.6	29500	398200
29601.6	29600	414128
29707.6	29700	461912
29800.5	29800	440192
29907.5	29900	461912
30003.6	30000	427160
30100.5	30100	450328
30206.7	30200	396752
30305.6	30300	438744
30401.6	30400	373584
30506.6	30500	347520
30601.6	30600	280912
30700.6	30700	263536
30804.6	30800	246160
30901.6	30900	275120
31000.6	31000	254848
31104.6	31100	272224
31200.6	31200	335936
31300.6	31300	382272
31400.6	31400	362000
31500.5	31500	373584
31603.6	31600	373584
31708.6	31700	390960
31808.7	31800	376480
31900.5	31900	383720
32000.5	32000	372136
32100.5	32100	369240
32200.5	32200	383720
32308.6	32300	385168
32400.5	32400	386616
32500.7	32500	367792
32600.5	32600	364896
32700.6	32700	377928
32801.7	32800	380824
32900.6	32900	363448
33000.6	33000	390960
33100.6	33100	363448
33209.7	33200	388064
33301.8	33300	380824
33409.6	33400	408336
33501.6	33500	354760
33615.6	33600	372136
33710.6	33700	367792
33808.7	33800	373584
33900.7	33900	269328
34003.7	34000	363448
34101.7	34100	350416
34200.6	34200	327248
34300.7	34300	308424
34425.7	34400	312768
34500.6	34500	309872
34600.7	34600	333040
34860.7	34700	167968
34860.8	34800	0
34900.6	34900	176656
35001.6	35000	260640
35103.7	35100	251952
35208.7	35200	228784
35309.7	35300	188240
35400.7	35400	170864
35502.7	35500	194032
35603.7	35600	188240
35700.6	35700	170864
35801.7	35800	167968
35903.7	35900	156384
36001.6	36000	167968
36101.7	36100	159280
36355.7	36200	53576
36355.7	36300	0
36402.6	36400	94120
36616.6	36500	30408
36617.6	36600	0
36821.8	36700	0
36821.9	36800	0
36902.7	36900	144800
37001.7	37000	173760
37100.7	37100	202720
37200.7	37200	240368
37300.7	37300	263536
37401.7	37400	269328
37500.6	37500	275120
37600.8	37600	260640
37700.7	37700	228784
37800.7	37800	237472
37903.8	37900	330144
38002.7	38000	301184
38101.8	38100	295392
38201.7	38200	283808
38308.7	38300	249056
38400.9	38400	179552
38503.8	38500	199824
38601.8	38600	266432
38700.7	38700	269328
38827.7	38800	317112
38915.7	38900	250504
39006.6	39000	218648
39103.7	39100	262088
39200.7	39200	275120
39301.7	39300	269328
39400.7	39400	263536
39501.7	39500	266432
39600	39600	257744
39708.7	39700	306976
39800.7	39800	337384
39900.8	39900	362000
40000.8	40000	354760
40100.7	40100	351864
40200.7	40200	356208
40300.7	40300	350416
40400.6	40400	330144
40501.7	40500	350416
40600.6	40600	356208
40702.7	40700	327248
40800.7	40800	286704
40901.7	40900	163624
41002.7	41000	236024
41105.7	41100	199824
41200.8	41200	266432
41300.8	41300	266432
41400.8	41400	269328
41500.7	41500	269328
41606.8	41600	205616
41700.7	41700	169416
41804.7	41800	182448
41908.7	41900	325800
42001.8	42000	370688
42100.7	42100	363448
42200.9	42200	376480
42300.8	42300	390960
42400.9	42400	347520
42508.8	42500	379376
42600.8	42600	379376
42703.7	42700	362000
42800.7	42800	403992
42900.7	42900	375032
43000.7	43000	375032
43100.9	43100	370688
43200.7	43200	364896
43300.8	43300	320008
43400.8	43400	241816
43501.8	43500	222992
43603.8	43600	257744
43701.8	43700	272224
43819.8	43800	264984
43909.8	43900	153488
44028.8	44000	212856
44119.9	44100	162176
44209.8	44200	178104
44312.8	44300	189688
44400.7	44400	186792
44500.7	44500	218648
44608.8	44600	260640
44700.7	44700	275120
44800.8	44800	266432
44903.8	44900	278016
45000.7	45000	357656
45100.8	45100	360552
45209.8	45200	357656
45300.8	45300	344624
45400.9	45400	353312
45500.8	45500	353312
45600	45600	351864
45700.8	45700	356208
45809.9	45800	353312
45900	45900	312768
46003.8	46000	364896
46103.9	46100	335936
46200	46200	222992
46300.8	46300	257744
46401.9	46400	283808
46500.9	46500	269328
46601.9	46600	266432
46708.9	46700	269328
46809.9	46800	254848
46900.9	46900	211408
47000.9	47000	205616
47101.9	47100	202720
47200.9	47200	202720
47300.8	47300	202720
47401.8	47400	211408
47500.9	47500	205616
47603.9	47600	243264
47700	47700	272224
47808.9	47800	260640
47904.8	47900	254848
48000.8	48000	275120
48103.8	48100	251952
48202	48200	283808
48301.8	48300	266432
48409.9	48400	266432
48500.9	48500	260640
48600.8	48600	272224
48700.8	48700	272224
48800	48800	263536
48915	48900	283808
49000.9	49000	88328
49118.9	49100	233128
49222.9	49200	91224
49300	49300	131768
49400.9	49400	202720
49500.8	49500	176656
49601.9	49600	167968
49701.8	49700	162176
49800.9	49800	141904
49901.9	49900	121632
50001.9	50000	121632
50101.9	50100	60816
50245.9	50200	173760
50406.9	50300	0
50407	50400	0
50611.9	50500	0
50613.9	50600	0
50701.9	50700	139008
50803.9	50800	170864
50900.8	50900	199824
51001.9	51000	205616
51100.9	51100	205616
51200.9	51200	240368
51300.9	51300	266432
51401.9	51400	272224
51500.9	51500	263536
51600	51600	254848
51708.9	51700	312768
51801	51800	353312
51908.9	51900	360552
52000.9	52000	350416
52100	52100	350416
52200	52200	362000
52300.9	52300	354760
52400.9	52400	360552
52500.9	52500	353312
52600.9	52600	354760
52700.9	52700	363448
52801	52800	356208
52903	52900	335936
53000.9	53000	346072
53101	53100	327248
53201	53200	280912
53300.9	53300	263536
53400	53400	260640
53500.9	53500	272224
53601	53600	130320
53700	53700	293944
53800.9	53800	202720
53903	53900	133216
54019	54000	98464
54104	54100	36200
54201	54200	118736
54304	54300	98464
54401	54400	167968
54501	54500	165072
54600.9	54600	202720
54701	54700	205616
54802	54800	211408
54901.1	54900	199824
55001	55000	211408
55101	55100	205616
55200.9	55200	237472
55301	55300	246160
55401.1	55400	275120
55500	55500	263536
55601	55600	272224
55700	55700	266432
55800	55800	266432
55901.1	55900	272224
56000	56000	272224
56104	56100	254848
56202.3	56200	283808
56302.9	56300	272224
56401.6	56400	266432
56501.1	56500	269328
56601	56600	266432
56700	56700	269328
56801	56800	272224
56900	56900	263536
57000	57000	272224
57103	57100	308424
57200.2	57200	347520
57308	57300	359104
57400.1	57400	353312
57500	57500	367792
57600	57600	359104
57703.1	57700	335936
57800	57800	377928
57901.1	57900	347520
58003.2	58000	334488
58108.1	58100	359104
58203.2	58200	320008
58303.1	58300	304080
58400.1	58400	134664
58507.1	58500	331592
58600	58600	191136
58701.1	58700	179552
58800.1	58800	188240
58901.1	58900	182448
59000.1	59000	176656
59106.1	59100	188240
59210.1	59200	176656
59301.1	59300	156384
59427.2	59400	202720
59515.1	59500	195480
59600	59600	176656
59700.1	59700	266432
59800.1	59800	266432
59901.2	59900	278016
60002	60000	246160
60101.3	60100	275120
60202	60200	211408
60300.1	60300	196928
60400	60400	65160
60500	60500	264984
60600	60600	156384
60704	60700	159280
60800.1	60800	124528
60900	60900	121632
61001.1	61000	121632
61101.1	61100	121632
61201.1	61200	121632
61307.1	61300	115840
61405.7	61400	40544
61501.1	61500	162176
61600	61600	173760
61701.2	61700	205616
61800.1	61800	208512
61900.2	61900	202720
62000.1	62000	211408
62100.1	62100	251952
62200.1	62200	269328
62308.2	62300	263536
62400.2	62400	217200
62500.2	62500	202720
62600.1	62600	208512
62701.2	62700	202720
62801.2	62800	188240
62900.2	62900	159280
63000.1	63000	69504
63101.1	63100	159280
63339.3	63200	40544
63339.4	63300	0
63766.2	63400	1448
63766.4	63500	0
63766.4	63600	0
63766.4	63700	0
63990.2	63800	36200
63990.3	63900	0
64194.2	64000	0
64194.2	64100	0
64209.1	64200	0
64300.1	64300	104256
64401.1	64400	121632
64501.2	64500	121632
64765.2	64600	95568
64766.2	64700	0
64835.2	64800	89776
64901.2	64900	75296
65000.2	65000	167968
65101.2	65100	127424
65200.2	65200	121632
65301.2	65300	121632
65400.2	65400	118736
65503.2	65500	133216
65600.2	65600	167968
65700.2	65700	162176
65800.2	65800	167968
65900.2	65900	165072
66000.2	66000	167968
66100.3	66100	165072
66200.3	66200	205616
66301.3	66300	211408
66401.2	66400	202720
66501.3	66500	202720
66601.2	66600	211408
66701.2	66700	205616
66801.2	66800	208512
66900.2	66900	205616
67000.2	67000	202720
67100.2	67100	211408
67200.3	67200	194032
67300.2	67300	69504
67400.2	67400	260640
67502.2	67500	167968
67601.3	67600	141904
67702.2	67700	101360
67802.3	67800	83984
67904.3	67900	83984
68006.3	68000	83984
68100.3	68100	92672
68208.3	68200	147696
68301.2	68300	165072
68411.2	68400	167968
68500.2	68500	159280
68601.2	68600	167968
68700.3	68700	176656
68800.2	68800	208512
68901.2	68900	205616
69000.2	69000	202720
69100.3	69100	208512
69200.2	69200	208512
69300.3	69300	199824
69408.3	69400	211408
69500.3	69500	202720
69600.3	69600	205616
69722.3	69700	247608
69810.3	69800	186792
69909.3	69900	192584
70000.2	70000	266432
70101.2	70100	263536
70200.2	70200	263536
70300.2	70300	266432
70400.2	70400	272224
70504.3	70500	257744
70600.3	70600	278016
70700.2	70700	272224
70800.3	70800	266432
70900.2	70900	266432
71001.3	71000	272224
71109.3	71100	272224
71200.3	71200	260640
71300.3	71300	240368
71400.3	71400	212856
71500.2	71500	205616
71602.3	71600	194032
71700.3	71700	217200
71801.3	71800	191136
71901.3	71900	167968
72002.2	72000	167968
72101.3	72100	162176
