0	0	1
109.939	100	62264
201.897	200	202720
300.914	300	340280
400.915	400	367792
507.957	500	364896
602.898	600	353312
700.93	700	383720
801.915	800	373584
900.049	900	385168
1000.92	1000	370688
1100.02	1100	367792
1201.93	1200	372136
1494	1300	312768
1494.91	1400	0
1500.95	1500	0
1600.93	1600	453224
1700.9	1700	364896
1803.95	1800	356208
1900.94	1900	379376
2000.95	2000	367792
2100.91	2100	370688
2202.99	2200	341728
2300.01	2300	375032
2401.73	2400	367792
2500.98	2500	366344
2602.66	2600	324352
2700.96	2700	389512
2809.08	2800	360552
2900.95	2900	369240
3002.09	3000	363448
3100.04	3100	360552
3200.94	3200	370688
3301.01	3300	356208
3400.92	3400	375032
3500.07	3500	333040
3601.03	3600	375032
3708.99	3700	362000
3801	3800	375032
3900.04	3900	337384
4176.06	4000	263536
4176.14	4100	0
4200	4200	118736
4305.04	4300	376480
4401.45	4400	364896
4500.03	4500	354760
4728.14	4600	44888
4728.21	4700	0
4807.03	4800	312768
4900.96	4900	351864
5000.04	5000	335936
5106.02	5100	354760
5200.99	5200	350416
5300.98	5300	353312
5400	5400	330144
5501.07	5500	353312
5601.02	5600	357656
5700.03	5700	364896
5800.01	5800	324352
5900.07	5900	380824
6001.03	6000	351864
6101.03	6100	357656
6200	6200	346072
6301	6300	351864
6402.1	6400	348968
6506.13	6500	334488
6600.02	6600	328696
6700.01	6700	364896
6800.11	6800	322904
6901.14	6900	351864
7000.01	7000	347520
7101.1	7100	344624
7200.07	7200	343176
7300.12	7300	335936
7400.1	7400	335936
7504.04	7500	335936
7606.09	7600	340280
7700.25	7700	325800
7800.06	7800	357656
7905.08	7900	333040
8000.07	8000	367792
8100.1	8100	318560
8207.1	8200	369240
8309.09	8300	340280
8404.17	8400	330144
8502.06	8500	337384
8600.04	8600	324352
8700.08	8700	317112
8800.08	8800	301184
8907.17	8900	312768
9018.14	9000	362000
9100.03	9100	333040
9201.07	9200	338832
9300.09	9300	308424
9401.09	9400	340280
9501.08	9500	322904
9601.11	9600	338832
9705.1	9700	318560
9800.07	9800	354760
9900.24	9900	320008
10000.1	10000	317112
10100.1	10100	321456
10208.1	10200	357656
10306.2	10300	330144
10400.1	10400	321456
10500.2	10500	321456
10602.1	10600	305528
10700.1	10700	289600
10801.1	10800	322904
10909.1	10900	301184
11002.2	11000	293944
11100.1	11100	288152
11201.1	11200	309872
11303.1	11300	289600
11402.1	11400	304080
11501.1	11500	270776
11600.2	11600	299736
11701.3	11700	292496
11800.2	11800	306976
11900.1	11900	293944
12009.1	12000	317112
12100.1	12100	293944
12204.2	12200	320008
12304.1	12300	298288
12400.1	12400	292496
12500.1	12500	302632
12601.2	12600	304080
12700.1	12700	308424
12801.3	12800	273672
12905.2	12900	257744
13001.3	13000	257744
13100.2	13100	296840
13204.2	13200	266432
13301.1	13300	280912
13400.1	13400	254848
13500.2	13500	264984
13600.2	13600	283808
13700.1	13700	301184
13805.2	13800	257744
13900.1	13900	289600
14023.3	14000	202720
14123.2	14100	144800
14205.3	14200	140456
14317.3	14300	178104
14401.2	14400	166520
14500.1	14500	275120
14600.1	14600	254848
14708.2	14700	283808
14801.4	14800	240368
14901.2	14900	260640
15000.2	15000	237472
15102.3	15100	220096
15200.2	15200	267880
15302.2	15300	225888
15407.2	15400	249056
15501.3	15500	260640
15601.2	15600	249056
15700.2	15700	238920
15802.2	15800	279464
15900.2	15900	246160
16000.2	16000	254848
16103.2	16100	244712
16200.2	16200	225888
16300.2	16300	280912
16401.2	16400	234576
16500.2	16500	249056
16605.2	16600	249056
16706.2	16700	217200
16801.4	16800	222992
16900.3	16900	179552
17006.2	17000	237472
17101.3	17100	214304
17206.2	17200	220096
17300.2	17300	222992
17406.3	17400	225888
17500.3	17500	240368
17600.2	17600	246160
17707.3	17700	234576
17800.2	17800	222992
17908.3	17900	217200
18001.2	18000	217200
18101.3	18100	237472
18200.3	18200	225888
18300.2	18300	222992
18401.2	18400	234576
18502.3	18500	240368
18607.2	18600	214304
18701.3	18700	214304
18807.3	18800	194032
18901.3	18900	188240
19012.3	19000	118736
19148.3	19100	26064
19221.2	19200	102808
19308.3	19300	81088
19403.3	19400	143352
19500.2	19500	208512
19601.3	19600	202720
19706.3	19700	208512
19805.3	19800	194032
19901.4	19900	194032
20001.3	20000	196928
20102.3	20100	191136
20201.3	20200	185344
20301.6	20300	205616
20401.3	20400	208512
20500.3	20500	199824
20601.3	20600	185344
20703.3	20700	208512
20800.3	20800	185344
20901.3	20900	179552
21007.4	21000	162176
21104.3	21100	156384
21201.3	21200	167968
21300.3	21300	165072
21401.4	21400	165072
21677.3	21500	115840
21677.4	21600	0
21700.3	21700	62264
21808.3	21800	178104
21905.3	21900	179552
22000.3	22000	165072
22102.3	22100	185344
22200.3	22200	159280
22300.3	22300	182448
22400.3	22400	167968
22505.4	22500	176656
22772.5	22600	121632
22772.5	22700	0
22802.4	22800	76744
22904.3	22900	159280
23000.3	23000	156384
23101.3	23100	159280
23208.3	23200	159280
23302.3	23300	159280
23407.3	23400	165072
23500.4	23500	159280
23602.4	23600	150592
23703.3	23700	170864
23801.4	23800	170864
23901.3	23900	165072
24002.4	24000	159280
24107.4	24100	185344
24200.4	24200	147696
24300.3	24300	165072
24410.4	24400	172312
24529.3	24500	165072
24613.4	24600	104256
24704.4	24700	134664
24833.4	24800	149144
24991.5	24900	0
25201.5	25000	0
25201.6	25100	0
25201.6	25200	0
25302.4	25300	186792
25400.3	25400	170864
25501.4	25500	127424
25740.5	25600	41992
25740.5	25700	0
25805.4	25800	124528
25909.4	25900	167968
26005.4	26000	147696
26105.5	26100	153488
26201.5	26200	156384
26301.5	26300	141904
26408.5	26400	165072
26501.4	26500	159280
26600.4	26600	139008
26705.5	26700	130320
26801.5	26800	162176
26908.4	26900	139008
27000.4	27000	118736
27196.5	27100	0
27200.5	27200	0
27402.5	27300	0
27402.6	27400	0
27605.5	27500	26064
27605.6	27600	0
27810.8	27700	37648
27810.9	27800	0
28091.5	27900	165072
28091.6	28000	0
28106.5	28100	1448
28200.4	28200	165072
28300.4	28300	130320
28401.4	28400	136112
28507.5	28500	133216
28745.6	28600	55024
28745.6	28700	0
28807.5	28800	110048
28900.4	28900	118736
29033.5	29000	102808
29189.5	29100	0
29416.6	29200	0
29416.6	29300	0
29417.4	29400	0
29509.5	29500	134664
29601.4	29600	101360
29700.5	29700	118736
29800.4	29800	115840
30056.5	29900	60816
30056.6	30000	0
30102.4	30100	72400
30375.5	30200	82536
30375.6	30300	0
30401.5	30400	44888
30500.5	30500	124528
30601.5	30600	112944
30804.5	30700	0
30804.6	30800	0
31009.6	30900	0
31009.6	31000	0
31133.5	31100	141904
31289.6	31200	0
31495.6	31300	0
31495.7	31400	0
31501.6	31500	0
31754.6	31600	82536
31757.5	31700	0
31802.5	31800	78192
31902.5	31900	107152
32001.5	32000	95568
32261.5	32100	59368
32261.6	32200	0
32301.5	32300	63712
32529.6	32400	24616
32529.6	32500	0
32628.5	32600	81088
32793.6	32700	0
32800.5	32800	0
32902.5	32900	134664
33135.6	33000	31856
33135.7	33100	0
33341.6	33200	0
33341.7	33300	0
33570.7	33400	47784
33570.8	33500	0
33774.7	33600	0
33774.8	33700	0
33805.5	33800	73848
34008.6	33900	1448
34008.6	34000	0
34100.6	34100	114392
34201.5	34200	110048
34300.5	34300	98464
34497.6	34400	0
34704.6	34500	0
34704.7	34600	0
34704.7	34700	0
34908.6	34800	0
34908.7	34900	0
35001.6	35000	154936
35210.7	35100	0
35210.7	35200	0
35416.6	35300	0
35416.7	35400	0
35703.6	35500	123080
35703.7	35600	0
35703.7	35700	0
35908.7	35800	0
35908.7	35900	0
36001.6	36000	115840
36214.7	36100	10136
36422.8	36200	0
36422.8	36300	0
36422.9	36400	0
36508.6	36500	97016
36601.6	36600	104256
36835.7	36700	28960
36835.8	36800	0
37075.7	36900	56472
37075.8	37000	0
37281.8	37100	0
37281.8	37200	0
37300.6	37300	43440
37527.6	37400	24616
37734.8	37500	0
37734.9	37600	0
37734.9	37700	0
37800.7	37800	76744
38013.8	37900	5792
38013.9	38000	0
38101.6	38100	120184
38381.7	38200	72400
38381.7	38300	0
38402.6	38400	44888
38610.8	38500	2896
38610.9	38600	0
38702.7	38700	124528
38928.6	38800	21720
38928.7	38900	0
39131.7	39000	40544
39131.8	39100	0
39201.6	39200	47784
39304.7	39300	95568
39524.7	39400	24616
39524.7	39500	0
39600.6	39600	102808
39700.7	39700	98464
39942.6	39800	44888
39943.6	39900	0
40147.8	40000	0
40147.8	40100	0
40207.7	40200	125976
40300.7	40300	95568
40548.7	40400	41992
40548.7	40500	0
40754.7	40600	0
40754.8	40700	0
40805.7	40800	81088
40999.7	40900	0
41000.6	41000	0
41205.7	41100	0
41205.8	41200	0
41410.2	41300	1448
41410.7	41400	13032
41648.7	41500	78192
41648.8	41600	0
41853.7	41700	0
41853.8	41800	0
41900.7	41900	70952
42097.8	42000	0
42100.7	42100	0
42228.7	42200	118736
42394.8	42300	0
42599.8	42400	0
42599.9	42500	0
42600.7	42600	0
42712.8	42700	105704
42875.8	42800	0
43081.8	42900	0
43082.7	43000	0
43104.7	43100	10136
43324.8	43200	47784
43324.9	43300	0
43564.8	43400	63712
43565.7	43500	0
43638.8	43600	66608
43808.8	43700	0
43808.9	43800	0
44090.9	43900	104256
44090.9	44000	0
44297	44100	0
44297.1	44200	0
44300.8	44300	0
44536	44400	63712
44536	44500	0
44739.9	44600	0
44740	44700	0
44802.8	44800	124528
44903.8	44900	104256
45126.9	45000	23168
45126.9	45100	0
45202.8	45200	104256
45410.9	45300	1448
45410.9	45400	0
45614.8	45500	0
45614.9	45600	0
45837.9	45700	34752
45838	45800	0
46041.9	45900	0
46042	46000	0
46247	46100	59368
46247.1	46200	0
46301.8	46300	107152
46404.9	46400	95568
46512.9	46500	79640
46683.9	46600	0
46888	46700	0
46888.1	46800	0
47093	46900	30408
47093	47000	0
47107.8	47100	24616
47313.9	47200	1448
47518.9	47300	0
47519	47400	0
47519	47500	0
47610.9	47600	133216
47833.9	47700	14480
47834	47800	0
48063	47900	44888
48063	48000	0
48101.9	48100	59368
48200.9	48200	110048
