0	0	1
111.917	100	65160
214.954	200	0
430.162	300	0
430.27	400	0
500.998	500	156384
600.965	600	269328
700.918	700	246160
801.023	800	202720
900.95	900	212856
1001.02	1000	191136
1101.56	1100	167968
1201.96	1200	166520
1302.05	1300	114392
1400.19	1400	136112
1502.01	1500	124528
1600	1600	115840
1702.93	1700	124528
1801.02	1800	118736
1901.01	1900	121632
2002.02	2000	153488
2100.96	2100	162176
2200.01	2200	167968
2300.12	2300	194032
2401.17	2400	205616
2501.98	2500	211408
2601.73	2600	202720
2700.05	2700	207064
2800.01	2800	208512
2901.21	2900	205616
3001.99	3000	211408
3100.97	3100	205616
3201	3200	202720
3300.01	3300	194032
3401.1	3400	86880
3500.99	3500	250504
3603.08	3600	150592
3700.01	3700	172312
3800.02	3800	167968
3900.01	3900	163624
4000.98	4000	153488
4100.94	4100	166520
4202	4200	165072
4300.99	4300	167968
4400.99	4400	162176
4500.02	4500	185344
4600.01	4600	208512
4700.05	4700	205616
4800.06	4800	205616
4901.05	4900	208512
5000.01	5000	207064
5101.76	5100	225888
5200	5200	260640
5300.01	5300	269328
5401.02	5400	276568
5502.22	5500	266432
5600.01	5600	266432
5701.08	5700	272224
5800.03	5800	267880
5901.08	5900	272224
6001.05	6000	269328
6101.75	6100	266432
6200.08	6200	270776
6300.07	6300	272224
6400.06	6400	269328
6501.07	6500	267880
6600.07	6600	272224
6700.07	6700	272224
6801.11	6800	266432
6900.09	6900	269328
7001.11	7000	227336
7100.15	7100	260640
7202.15	7200	207064
7301.12	7300	208512
7402.13	7400	205616
7500.04	7500	208512
7601.06	7600	205616
7701.14	7700	205616
7802.08	7800	208512
7900.03	7900	205616
8001.06	8000	254848
8100.01	8100	269328
8200.14	8200	208512
8301.14	8300	211408
8401.18	8400	202720
8501.18	8500	208512
8600.15	8600	205616
8700.14	8700	208512
8801.14	8800	205616
8900.18	8900	88328
9001.08	9000	262088
9100.15	9100	165072
9201.16	9200	167968
9302.18	9300	165072
9403.16	9400	133216
9505.14	9500	28960
9607.21	9600	149144
9709.22	9700	104256
9800.14	9800	156384
9900.11	9900	208512
10012.2	10000	217200
10132.1	10100	141904
10205.2	10200	89776
10323.2	10300	205616
10411.2	10400	178104
10500.1	10500	150592
10601.2	10600	267880
10700.1	10700	273672
10801.2	10800	269328
10901.2	10900	266432
11002.2	11000	275120
11100.1	11100	269328
11200.1	11200	266432
11300.2	11300	269328
11400.1	11400	269328
11500.1	11500	275120
11602.1	11600	263536
11700.1	11700	272224
11801.1	11800	272224
11900.2	11900	347520
12001.2	12000	359104
12101.2	12100	364896
12202.2	12200	362000
12300.1	12300	393856
12400.1	12400	382272
12500.2	12500	385168
12600.2	12600	390960
12701.2	12700	388064
12807.3	12800	373584
12901.2	12900	259192
13000.2	13000	330144
13104.3	13100	482184
13201.2	13200	528520
13301.2	13300	515488
13400.2	13400	518384
13500.1	13500	518384
13600.2	13600	509696
13700.2	13700	518384
13800.2	13800	515488
13901.2	13900	521280
14000.3	14000	506800
14104.2	14100	470600
14201.2	14200	477840
14300.2	14300	388064
14401.3	14400	377928
14501.3	14500	388064
14602.2	14600	388064
14700.2	14700	390960
14800.2	14800	217200
14900.2	14900	502456
15001.3	15000	362000
15100.3	15100	359104
15201.3	15200	356208
15309.3	15300	364896
15404.3	15400	296840
15501.3	15500	264984
15622.2	15600	325800
15718.2	15700	238920
15809.2	15800	246160
15927.3	15900	280912
16000.3	16000	196928
16100.3	16100	272224
16200.3	16200	269328
16300.2	16300	273672
16400.2	16400	264984
16501.3	16500	269328
16600.3	16600	275120
16701.4	16700	114392
16800.3	16800	418472
16903.4	16900	199824
17000.3	17000	260640
17100.3	17100	353312
17200.3	17200	359104
17300.3	17300	353312
17400.2	17400	367792
17500.3	17500	356208
17600.3	17600	362000
17701.3	17700	373584
17800.2	17800	382272
17900.3	17900	390960
18001.4	18000	379376
18102.3	18100	382272
18200.3	18200	367792
18300.3	18300	356208
18400.4	18400	356208
18500.3	18500	364896
18600.4	18600	350416
18700.4	18700	370688
18801.3	18800	359104
18900.3	18900	353312
19001.4	19000	362000
19110.4	19100	362000
19204.4	19200	327248
19309.5	19300	370688
19400.4	19400	335936
19500.4	19500	218648
19600.5	19600	346072
19700.3	19700	359104
19800.3	19800	359104
19903.4	19900	318560
20000.3	20000	249056
20100.3	20100	283808
20200.3	20200	269328
20300.3	20300	269328
20401.4	20400	272224
20501.4	20500	266432
20600.4	20600	272224
20700.3	20700	272224
20807.4	20800	260640
20900.4	20900	272224
21000.4	21000	272224
21136.4	21100	322904
21221.3	21200	267880
21312.4	21300	240368
21402.4	21400	246160
21501.5	21500	263536
21602.4	21600	267880
21702.4	21700	272224
21800.4	21800	263536
21900.4	21900	275120
22000.4	22000	266432
22100.3	22100	91224
22201.4	22200	338832
22301.4	22300	208512
22400.4	22400	202720
22500.4	22500	202720
22602.4	22600	170864
22700.4	22700	162176
22801.4	22800	165072
22901.4	22900	167968
23001.5	23000	166520
23100.4	23100	165072
23202.5	23200	165072
23301.4	23300	167968
23400.3	23400	162176
23500	23500	170864
23600.3	23600	208512
23700.5	23700	199824
23800.4	23800	234576
23901.5	23900	272224
24000.5	24000	263536
24103.5	24100	260640
24200.4	24200	364896
24300.4	24300	364896
24400.5	24400	353312
24501.5	24500	359104
24600.4	24600	362000
24700.5	24700	353312
24800.4	24800	301184
24901.5	24900	269328
25001.6	25000	269328
25100.4	25100	266432
25200.4	25200	105704
25302.5	25300	304080
25400.5	25400	208512
25500.5	25500	205616
25600.4	25600	202720
25700.5	25700	208512
25801.5	25800	269328
25900.4	25900	272224
26002.5	26000	266432
26121.6	26100	427160
26246.5	26200	253400
26316.5	26300	169416
26407.6	26400	279464
26501.5	26500	321456
26601.4	26600	382272
26700.5	26700	393856
26801.5	26800	382272
26900.5	26900	309872
27002.5	27000	396752
27100.4	27100	532864
27200.5	27200	509696
27300.5	27300	512592
27404.4	27400	472048
27500.5	27500	428608
27600.5	27600	503904
27701.5	27700	527072
27800.4	27800	515488
27900.4	27900	512592
28001.7	28000	341728
28100.5	28100	173760
28200.6	28200	459016
28301.5	28300	390960
28400.5	28400	382272
28501.4	28500	376480
28602.7	28600	359104
28701.5	28700	350416
28800.6	28800	214304
28900.6	28900	249056
29000.5	29000	269328
29100.4	29100	269328
29200.5	29200	211408
29300.6	29300	199824
29402.6	29400	194032
29500.6	29500	162176
29601.5	29600	165072
29701.5	29700	167968
29801.6	29800	165072
29901.6	29900	167968
30001.5	30000	165072
30100.5	30100	162176
30204.6	30200	196928
30300.6	30300	214304
30401.5	30400	246160
30500.6	30500	266432
30604.6	30600	260640
30701.6	30700	379376
30800.5	30800	312768
30901.5	30900	390960
31000.5	31000	359104
31101.6	31100	350416
31216.5	31200	351864
31317.6	31300	295392
31407.6	31400	320008
31501.5	31500	320008
31600.5	31600	383720
31705.6	31700	347520
31800.6	31800	370688
31901.6	31900	359104
32001.6	32000	341728
32104.5	32100	324352
32203.6	32200	263536
32301.7	32300	112944
32401.5	32400	251952
32501.5	32500	179552
32600.6	32600	185344
32703.6	32700	243264
32800.5	32800	359104
32900.6	32900	364896
33001.6	33000	350416
33100.6	33100	362000
33201.7	33200	359104
33305.6	33300	338832
33401.6	33400	364896
33500.6	33500	350416
33600.6	33600	359104
33700.6	33700	362000
33800.6	33800	362000
33900.6	33900	364896
34000.6	34000	350416
34100.6	34100	359104
34200.6	34200	364896
34301.6	34300	350416
34400.5	34400	344624
34500.6	34500	295392
34600.7	34600	108600
34702.7	34700	338832
34800.6	34800	260640
34900.6	34900	269328
35005.6	35000	260640
35101.6	35100	278016
35200.5	35200	263536
35301.7	35300	272224
35400.6	35400	269328
35507.8	35500	243264
35601.7	35600	272224
35701.7	35700	266432
35805.7	35800	286704
35900.6	35900	330144
36001.7	36000	353312
36100.7	36100	359104
36227.6	36200	438744
36337.8	36300	301184
36427.7	36400	305528
36517.7	36500	305528
36605.8	36600	296840
36700.8	36700	396752
36801.7	36800	388064
36900.6	36900	385168
37001.7	37000	367792
37101.7	37100	362000
37200.6	37200	353312
37300.7	37300	359104
37403.6	37400	289600
37500.7	37500	115840
37600.7	37600	418472
37705.7	37700	263536
37800.7	37800	263536
37901.7	37900	237472
38000.7	38000	202720
38101.7	38100	205616
38200.7	38200	208512
38300.7	38300	251952
38400.6	38400	266432
38504.7	38500	249056
38601.7	38600	318560
38706.8	38700	350416
38800.6	38800	364896
38900.3	38900	367792
39000.6	39000	396752
39101.7	39100	382272
39203.7	39200	283808
39303.7	39300	295392
39401.7	39400	304080
39501.7	39500	315664
39600.6	39600	370688
39701.7	39700	376480
39805.7	39800	376480
39900.6	39900	382272
40000.7	40000	356208
40104.7	40100	335936
40200.8	40200	321456
40305.7	40300	247608
40401.7	40400	260640
40505.8	40500	249056
40606.8	40600	263536
40700.7	40700	318560
40800.7	40800	347520
40900.8	40900	364896
41001.7	41000	362000
41126.7	41100	331592
41296.8	41200	0
41300.7	41300	0
41400.7	41400	393856
41501.8	41500	390960
41622.7	41600	311320
41723.8	41700	143352
41837.7	41800	169416
41910.8	41900	124528
42007.9	42000	181000
42100.7	42100	414128
42204.8	42200	472048
42300.7	42300	518384
42400.7	42400	495216
42500	42500	443088
42603.8	42600	443088
42703.8	42700	353312
42801.7	42800	295392
42903.7	42900	373584
43000.9	43000	385168
43104.9	43100	402544
43200.7	43200	390960
43300.8	43300	414128
43400.7	43400	512592
43500.8	43500	521280
43600.9	43600	506800
43700.8	43700	506800
43801.8	43800	515488
43900.7	43900	512592
44000.7	44000	489424
44100.8	44100	511144
44200.7	44200	474944
44300.9	44300	477840
44400.8	44400	425712
44500.9	44500	175208
44601.9	44600	476392
44701.8	44700	356208
44800	44800	402544
44900	44900	388064
45000	45000	385168
45101.9	45100	390960
45201.9	45200	359104
45306.9	45300	367792
45404.8	45400	367792
45500.8	45500	385168
45600.8	45600	382272
45700.8	45700	356208
45800.8	45800	379376
45903.8	45900	318560
46000.8	46000	150592
46103.9	46100	333040
46200.8	46200	208512
46301.9	46300	202720
46400.1	46400	208512
46500	46500	257744
46600	46600	347520
46707.8	46700	304080
46803.8	46800	191136
46917.9	46900	295392
47149	47000	57920
47150.9	47100	0
47200.8	47200	215752
47304.9	47300	370688
47400.9	47400	431504
47500.9	47500	509696
47600	47600	573408
47700	47700	596576
47801.9	47800	613952
47900	47900	593680
48000.9	48000	602368
48100	48100	602368
48201.9	48200	602368
48300.8	48300	611056
48400	48400	579200
48500	48500	608160
48600	48600	599472
48700.9	48700	596576
48800	48800	593680
48900	48900	611056
49000.9	49000	605264
49102	49100	605264
49200.9	49200	599472
49300	49300	593680
49400.1	49400	605264
49500.9	49500	608160
49607	49600	573408
49700	49700	603816
49800	49800	605264
49900.2	49900	582096
50001	50000	590784
50100	50100	596576
50203.9	50200	521280
50302	50300	250504
50468	50400	0
50669.9	50500	0
50671.9	50600	0
50700.9	50700	134664
50960	50800	327248
50961.9	50900	0
51004	51000	156384
51102.9	51100	254848
51201.9	51200	222992
51413.1	51300	28960
51413.1	51400	0
51500	51500	249056
51617	51600	237472
51718.1	51700	173760
51838.1	51800	104256
51907	51900	76744
52003	52000	75296
52102	52100	139008
52392.1	52200	110048
52392.2	52300	0
52400	52400	0
52505	52500	231680
52608.1	52600	278016
52700.9	52700	278016
52989	52800	257744
52989.1	52900	0
53000	53000	0
53103	53100	209960
53200	53200	234576
53411.1	53300	11584
53411.2	53400	0
53503	53500	128872
53604	53600	127424
53707.1	53700	222992
53804.1	53800	208512
53900.3	53900	188240
54000	54000	243264
54100	54100	295392
54204.9	54200	382272
54304.1	54300	344624
54401.2	54400	237472
54500.9	54500	220096
54608.2	54600	312768
54883.2	54700	165072
54883.3	54800	0
55089.1	54900	0
55090	55000	0
55100	55100	0
55200	55200	354760
55303	55300	338832
55400	55400	240368
55500	55500	324352
55600.1	55600	477840
55700.1	55700	525624
55801	55800	547344
56003.1	55900	4344
56005	56000	0
56100.1	56100	343176
56200.1	56200	399648
56300.1	56300	495216
56400.4	56400	544448
56500	56500	584992
56600.1	56600	605264
56722.1	56700	531416
56823	56800	221544
56922.1	56900	227336
57000.1	57000	202720
57100.2	57100	605264
57200.1	57200	596576
57301.1	57300	599472
57400	57400	605264
57500	57500	608160
57600.1	57600	593680
57700.1	57700	596576
57800.1	57800	608160
57900.1	57900	602368
58000.1	58000	593680
58100	58100	599472
58206	58200	587888
58475.1	58300	379376
58477	58400	0
58500.1	58500	0
58600.1	58600	596576
58700	58700	613952
58800.1	58800	596576
58900.5	58900	596576
59000.1	59000	602368
59100.1	59100	608160
59200.4	59200	583544
59300.2	59300	608160
59400.5	59400	593680
59500.1	59500	608160
59600.1	59600	590784
59700.1	59700	599472
59800.1	59800	611056
59900.1	59900	602368
60000.1	60000	582096
60100.1	60100	616848
60200.4	60200	587888
60300.1	60300	602368
60400.1	60400	602368
60501.1	60500	596576
60606.2	60600	590784
60700.1	60700	605264
60800.1	60800	587888
60900.5	60900	608160
61007.1	61000	593680
61207.1	61100	4344
61209.1	61200	0
61301.2	61300	418472
61400.1	61400	489424
61631.1	61500	163624
61633.2	61600	0
61700.2	61700	289600
61822.6	61800	262088
61923.2	61900	146248
62022.2	62000	152040
62123.2	62100	157832
62223.1	62200	163624
62323.1	62300	169416
62401.2	62400	230232
62500.1	62500	570512
62600.2	62600	560376
62706.2	62700	596576
62800.1	62800	587888
62900.2	62900	593680
63000.2	63000	599472
63101.2	63100	596576
63200.6	63200	593680
63300.2	63300	611056
63401.2	63400	599472
63500.1	63500	608160
63600.2	63600	587888
63836.2	63700	140456
63836.3	63800	0
64043.2	63900	0
64045.2	64000	0
64101.2	64100	246160
64228.2	64200	428608
64397.2	64300	0
64400.2	64400	0
64500.2	64500	376480
64600.3	64600	425712
64700.2	64700	480736
64800.2	64800	535760
64900.2	64900	593680
65000.2	65000	602368
65100.2	65100	602368
65200.2	65200	602368
65300.2	65300	570512
65400.2	65400	608160
65500.2	65500	582096
65600.3	65600	596576
65700.1	65700	582096
65800.2	65800	628432
65901.3	65900	599472
66000.2	66000	579200
66106.2	66100	587888
66200.2	66200	613952
66300.1	66300	596576
66400.8	66400	587888
66500.2	66500	608160
66600.4	66600	590784
66700.2	66700	608160
66800.2	66800	521280
66900.1	66900	548792
67000.2	67000	628432
67100.2	67100	584992
67226.3	67200	453224
67317.3	67300	418472
67408.3	67400	444536
67527.2	67500	579200
67602.2	67600	331592
67700.3	67700	362000
67800.2	67800	211408
67901.2	67900	328696
68000.3	68000	251952
68101.2	68100	263536
68200.3	68200	260640
68300.2	68300	260640
68400.2	68400	254848
68634.3	68500	66608
68636.2	68600	0
68701.3	68700	222992
68803.3	68800	254848
69038.3	68900	85432
69039.3	69000	0
69241.3	69100	0
69241.4	69200	1448
69301.2	69300	181000
69401.2	69400	185344
69501.3	69500	199824
69734.3	69600	47784
69734.4	69700	0
70359.3	69800	79640
70359.5	69900	0
70359.5	70000	0
70359.5	70100	0
75132.5	70200	28960
75147.4	70300	0
75149.4	70400	0
75151.4	70500	0
75151.5	70600	0
75154.5	70700	0
75156.4	70800	0
75156.5	70900	0
75159.5	71000	0
75160.4	71100	0
75162.4	71200	0
75163.3	71300	0
75165.4	71400	0
75166.3	71500	0
75168.4	71600	1448
75169.3	71700	1448
75171.4	71800	1448
75173.4	71900	1448
75174.3	72000	20272
75176.5	72100	1448
75177.4	72200	1448
75179.3	72300	1448
75180.4	72400	1448
75182.4	72500	1448
75183.3	72600	1448
75187.4	72700	1448
75187.5	72800	1448
75189.4	72900	1448
75191.4	73000	1448
75193.4	73100	2896
75195.4	73200	2896
75198.4	73300	2896
75203.4	73400	2896
75206.4	73500	2896
75208.4	73600	2896
75211.4	73700	2896
75214.4	73800	2896
75218.4	73900	2896
75221.4	74000	2896
75222.4	74100	2896
75224.3	74200	2896
75227.5	74300	2896
75229.3	74400	2896
75234.4	74500	2896
75237.4	74600	2896
75239.4	74700	2896
75242.4	74800	2896
75243.4	74900	2896
75246.5	75000	2896
75449.5	75100	0
75449.5	75200	0
75449.6	75300	0
75449.6	75400	0
75500.4	75500	50680
75602.4	75600	95568
75701.4	75700	118736
75801.4	75800	124528
75901.4	75900	118736
76002.4	76000	121632
76100.4	76100	118736
