0	0	1
114.989	100	65160
201.969	200	201272
300.018	300	353312
401.989	400	376480
500.016	500	292496
600.03	600	444536
700.013	700	369240
800.365	800	375032
900.016	900	367792
1000.12	1000	348968
1103.03	1100	380824
1200.96	1200	390960
1302.1	1300	340280
1400.99	1400	396752
1509.04	1500	367792
1600.04	1600	328696
1700.01	1700	396752
1800.01	1800	344624
1902.05	1900	380824
2000.03	2000	377928
2100.03	2100	377928
2341.07	2200	140456
2343	2300	0
2402.03	2400	204168
2500.04	2500	346072
2601.1	2600	370688
2707.01	2700	363448
2807.1	2800	347520
2901.04	2900	373584
3006.06	3000	364896
3107.03	3100	360552
3200	3200	347520
3300.03	3300	363448
3401.01	3400	372136
3502.04	3500	348968
3600.02	3600	357656
3700.02	3700	379376
3800.42	3800	353312
3900.08	3900	363448
4000.12	4000	364896
4106.2	4100	364896
4200.06	4200	383720
4308.22	4300	379376
4400.05	4400	347520
4500.08	4500	350416
4600.07	4600	260640
4700.14	4700	453224
4806.08	4800	350416
4904.15	4900	344624
5000.07	5000	377928
5100.13	5100	359104
5200.05	5200	353312
5300.1	5300	362000
5401.07	5400	362000
5500.07	5500	347520
5600.11	5600	280912
5700.16	5700	408336
5805.09	5800	362000
5901.48	5900	372136
6002.1	6000	333040
6100.27	6100	369240
6200.13	6200	356208
6308.11	6300	369240
6400.11	6400	335936
6501.23	6500	176656
6601.16	6600	522728
6701.21	6700	330144
6800.06	6800	327248
6900.2	6900	340280
7002.15	7000	350416
7100.09	7100	366344
7200.09	7200	335936
7300.23	7300	262088
7400.1	7400	421368
7501.16	7500	333040
7600.16	7600	344624
7709.12	7700	341728
7800.22	7800	331592
7902.12	7900	315664
8000.11	8000	348968
8100.22	8100	322904
8200.21	8200	330144
8300.14	8300	333040
8400.09	8400	348968
8500.15	8500	241816
8613.19	8600	406888
8701.36	8700	302632
8800.14	8800	305528
8901.12	8900	324352
9000.13	9000	343176
9100.11	9100	325800
9204.17	9200	335936
9300.58	9300	304080
9400.13	9400	369240
9506.15	9500	325800
9600.15	9600	325800
9700.12	9700	322904
9800.15	9800	327248
9905.14	9900	322904
10000.3	10000	293944
10100.1	10100	334488
10205.3	10200	312768
10300.2	10300	320008
10407.3	10400	324352
10500.2	10500	312768
10601.2	10600	282360
10700.2	10700	183896
10807.2	10800	399648
10903.2	10900	301184
11000.3	11000	301184
11107.3	11100	298288
11200.2	11200	286704
11305.2	11300	112944
11400.3	11400	466256
11500.2	11500	335936
11603.3	11600	280912
11700.2	11700	322904
11802.2	11800	273672
11900.2	11900	298288
12000.2	12000	321456
12102.2	12100	305528
12200.2	12200	308424
12301.2	12300	295392
12406.2	12400	322904
12509.3	12500	204168
12600.2	12600	334488
12700.2	12700	150592
12808.2	12800	382272
12900.2	12900	267880
13008.2	13000	280912
13104.2	13100	276568
13202.3	13200	254848
13308.3	13300	280912
13401.8	13400	288152
13500.2	13500	170864
13604.3	13600	338832
13716.2	13700	289600
13822.2	13800	247608
13911.2	13900	237472
14007.3	14000	230232
14100.2	14100	289600
14201.2	14200	124528
14303.2	14300	382272
14401.2	14400	275120
14500.2	14500	266432
14600.3	14600	204168
14705.3	14700	286704
14800.2	14800	246160
14901.3	14900	240368
15000.3	15000	272224
15101.4	15100	234576
15200.3	15200	249056
15302.3	15300	254848
15400.5	15400	269328
15501.3	15500	249056
15608.4	15600	72400
15700.4	15700	402544
15808.3	15800	254848
15900.3	15900	249056
16000.3	16000	237472
16101.3	16100	251952
16200.3	16200	263536
16300.3	16300	225888
16400.3	16400	247608
16502.4	16500	241816
16601.3	16600	199824
16703.4	16700	222992
16803.3	16800	220096
16900.3	16900	234576
17000.3	17000	228784
17100.3	17100	237472
17200.3	17200	231680
17300.4	17300	205616
17401.3	17400	237472
17500.5	17500	228784
17600.3	17600	234576
17701.4	17700	225888
17800.3	17800	225888
17901.3	17900	228784
18001.3	18000	231680
18100.3	18100	231680
18200.4	18200	65160
18301.4	18300	314216
18400.3	18400	208512
18500.3	18500	225888
18604.4	18600	172312
18700.4	18700	254848
18807.3	18800	165072
18927.3	18900	264984
19000.3	19000	167968
19100.3	19100	205616
19201.3	19200	133216
19311.4	19300	249056
19400.3	19400	211408
19502.4	19500	199824
19601.4	19600	179552
19709.6	19700	205616
19801.4	19800	189688
19900.3	19900	162176
20002.4	20000	194032
20103.3	20100	170864
20200.4	20200	214304
20302.4	20300	173760
20401.3	20400	196928
20506.5	20500	199824
20756.5	20600	102808
20756.5	20700	0
20805.4	20800	146248
20900.3	20900	167968
21008.4	21000	69504
21102.5	21100	257744
21216.4	21200	143352
21379.4	21300	0
21401.5	21400	92672
21504.4	21500	133216
21601.3	21600	185344
21702.4	21700	182448
21804.4	21800	170864
21901.4	21900	173760
22008.4	22000	133216
22108.4	22100	212856
22201.4	22200	185344
22302.4	22300	176656
22401.4	22400	176656
22500.5	22500	173760
22600.4	22600	118736
22701.4	22700	205616
22802.4	22800	162176
22903.4	22900	156384
23000.5	23000	173760
23105.4	23100	162176
23203.5	23200	124528
23301.4	23300	205616
23401.4	23400	153488
23505.4	23500	153488
23600.4	23600	173760
23700.4	23700	165072
23800.5	23800	169416
23901.4	23900	166520
24007.4	24000	165072
24101.4	24100	167968
24202.5	24200	170864
24301.5	24300	167968
24400.5	24400	70952
24501.4	24500	262088
24601.4	24600	162176
24700.4	24700	52128
24805.5	24800	211408
25067.6	24900	41992
25067.7	25000	0
25101.5	25100	125976
25202.5	25200	140456
25300.5	25300	165072
25401.5	25400	162176
25500.5	25500	88328
25600.4	25600	222992
25700.4	25700	141904
25802.7	25800	165072
25901.4	25900	156384
26000.4	26000	153488
26100.5	26100	112944
26200.5	26200	182448
26300.5	26300	156384
26404.5	26400	165072
26501.5	26500	165072
26600.5	26600	46336
26709.5	26700	243264
26807.5	26800	133216
27053.6	26900	60816
27053.6	27000	0
27100.5	27100	72400
27200.5	27200	152040
27300.5	27300	130320
27400.5	27400	133216
27502.5	27500	1448
27600.6	27600	250504
27700.5	27700	139008
27800.5	27800	147696
28023.6	27900	18824
28023.6	28000	0
28101.5	28100	120184
28201.6	28200	144800
28300.5	28300	130320
28521.6	28400	17376
28523.6	28500	0
28600.5	28600	141904
28700.5	28700	136112
28802.1	28800	26064
29010.6	28900	31856
29010.7	29000	0
29140.5	29100	178104
29301.6	29200	0
29301.6	29300	0
29400.5	29400	150592
29505.6	29500	72400
29669.7	29600	1448
29703.5	29700	24616
29998.6	29800	140456
29998.7	29900	0
30000.6	30000	0
30101.6	30100	146248
30201.5	30200	130320
30300.6	30300	55024
30402.5	30400	173760
30502.6	30500	46336
30707.6	30600	70952
30707.6	30700	0
30914.6	30800	0
30914.7	30900	0
31002.5	31000	92672
31116.6	31100	76744
31286.6	31200	0
31300.6	31300	0
31556.7	31400	94120
31556.8	31500	0
31777.7	31600	0
31777.8	31700	0
31807.6	31800	78192
32255.6	31900	24616
32256.6	32000	0
32256.6	32100	0
32256.6	32200	0
32307.6	32300	56472
32525.7	32400	1448
32525.8	32500	0
32602.6	32600	78192
32823.7	32700	7240
32823.8	32800	0
33045.7	32900	1448
33046.6	33000	0
33117.6	33100	68056
33323.7	33200	5792
33323.7	33300	0
33402.7	33400	53576
33657.7	33500	39096
33657.8	33600	0
33859.7	33700	0
33860.7	33800	0
33900.7	33900	40544
34134.6	34000	2896
34135.6	34100	0
34357.7	34200	0
34357.7	34300	0
34577.7	34400	37648
34577.7	34500	0
34781.7	34600	0
34781.7	34700	0
34805.7	34800	36200
34906.6	34900	20272
35141.8	35000	10136
35141.8	35100	0
35204.6	35200	50680
35411.2	35300	4344
35411.2	35400	0
35500.7	35500	60816
35734.8	35600	33304
35735.7	35700	0
35940.9	35800	0
35941.7	35900	0
36158.7	36000	10136
36158.8	36100	0
36207.6	36200	39096
36302.7	36300	52128
36401.7	36400	59368
36568.7	36500	0
36771.7	36600	0
36771.8	36700	0
36806.7	36800	68056
37042.7	36900	10136
37042.7	37000	0
37101.6	37100	72400
37200.6	37200	104256
37301.6	37300	101360
37550.9	37400	39096
37550.9	37500	0
37602.7	37600	85432
38025.8	37700	13032
38025.9	37800	0
38025.9	37900	0
38026	38000	0
38272.7	38100	26064
38477.9	38200	0
38477.9	38300	0
38492.7	38400	34752
38506.8	38500	5792
38600.7	38600	27512
38705.7	38700	70952
38878.8	38800	0
38911.7	38900	68056
39138.8	39000	17376
39139.8	39100	0
39346.9	39200	0
39346.9	39300	0
39411.7	39400	72400
39652.8	39500	24616
39652.8	39600	0
39858.8	39700	0
39858.9	39800	0
40075.8	39900	0
40075.9	40000	0
40278.9	40100	0
40279	40200	0
40482.8	40300	0
40482.9	40400	0
40501.7	40500	78192
40938	40600	7240
40938	40700	0
40938.1	40800	0
40938.1	40900	0
41007.8	41000	63712
41259	41100	28960
41259.1	41200	0
41464.8	41300	0
41464.9	41400	0
41502.7	41500	17376
41770.8	41600	52128
41770.9	41700	0
41974.9	41800	0
41975	41900	0
42011.8	42000	52128
42234	42100	4344
42234.1	42200	0
42301.7	42300	60816
42401.9	42400	85432
42641.9	42500	31856
42641.9	42600	0
42844.9	42700	0
42845	42800	0
43050	42900	1448
43050.1	43000	0
43100.8	43100	89776
43307	43200	1448
43307	43300	0
43511.9	43400	0
43512	43500	0
43736	43600	14480
43736	43700	0
43803.8	43800	94120
43900.9	43900	110048
44104	44000	1448
44104	44100	0
44310	44200	0
44310.8	44300	0
44512.9	44400	10136
44513	44500	43440
44801	44600	82536
44801.1	44700	0
44801.1	44800	0
45005.9	44900	0
45006	45000	0
45102.9	45100	57920
45335	45200	14480
45335	45300	0
45403.9	45400	59368
45650.9	45500	43440
45857.9	45600	0
45858	45700	0
45858	45800	0
45904	45900	43440
46002.9	46000	36200
46101.9	46100	98464
46216.9	46200	65160
46372.9	46300	0
46579	46400	0
46579.1	46500	0
46607	46600	56472
46700.9	46700	44888
46929.9	46800	17376
46930	46900	0
47134	47000	0
47134.1	47100	0
47403	47200	86880
47403	47300	0
47403.1	47400	0
47670.9	47500	92672
47671	47600	0
47875	47700	0
47875.1	47800	0
48093.9	47900	52128
48094	48000	0
48109	48100	0
48352	48200	41992
48352.1	48300	0
48556	48400	0
48556.1	48500	0
48605	48600	78192
48702	48700	82536
48821	48800	88328
48984	48900	0
49192.1	49000	0
49192.1	49100	0
49200	49200	0
49300.9	49300	130320
49405.1	49400	110048
49500	49500	41992
49719	49600	13032
49719.1	49700	0
49951	49800	131768
49951.1	49900	0
50184	50000	13032
50184.1	50100	0
50390.1	50200	0
50390.2	50300	0
50400.1	50400	15928
50503	50500	99912
50738	50600	43440
50739	50700	0
50974	50800	72400
50975	50900	0
51180	51000	0
51180.9	51100	0
51204.1	51200	4344
51482.1	51300	72400
51482.2	51400	0
51502	51500	44888
51726	51600	7240
51727	51700	0
51801	51800	68056
51917	51900	88328
52091	52000	0
52294.1	52100	0
52294.2	52200	0
52309	52300	36200
52402	52400	52128
52638	52500	30408
52638.1	52600	0
52701	52700	73848
52955.1	52800	47784
53161.1	52900	0
53161.2	53000	0
53161.2	53100	0
53383.2	53200	2896
53383.2	53300	2896
53400	53400	0
53683.1	53500	82536
53683.1	53600	0
53886.1	53700	0
53886.1	53800	0
53900	53900	46336
54110.1	54000	23168
54112.1	54100	0
54200	54200	114392
54423.1	54300	21720
54423.1	54400	0
54627.1	54500	0
54627.2	54600	0
54875.1	54700	63712
54875.2	54800	0
55081.1	54900	0
55081.2	55000	0
55106.1	55100	46336
55201	55200	41992
55504.2	55300	88328
55504.3	55400	0
55504.3	55500	0
55602.2	55600	104256
55847.1	55700	41992
55848.1	55800	0
56075.1	55900	59368
56075.2	56000	0
56280.1	56100	0
56280.2	56200	0
56309.1	56300	59368
56432.1	56400	31856
56599.1	56500	0
56600.1	56600	0
56821.1	56700	37648
56821.2	56800	0
57054.1	56900	33304
57055.1	57000	0
57108.1	57100	34752
57370.2	57200	17376
57370.3	57300	0
57572.2	57400	0
57572.3	57500	1448
57670.2	57600	28960
57707.2	57700	2896
57810.1	57800	15928
57907.2	57900	20272
58119.2	58000	0
58119.2	58100	0
58213.2	58200	23168
58304.1	58300	17376
58581.3	58400	21720
58581.4	58500	0
58602.1	58600	1448
58708.2	58700	24616
58805.1	58800	27512
58901.2	58900	49232
59129.3	59000	14480
59129.3	59100	0
59417.3	59200	27512
59417.3	59300	0
59417.4	59400	0
59667.2	59500	14480
59667.3	59600	0
59706.2	59700	13032
59816.3	59800	10136
60084.2	59900	7240
60084.2	60000	0
60100.1	60100	1448
60213.2	60200	20272
60303.1	60300	18824
60760.2	60400	11584
60760.2	60500	0
60761.1	60600	0
60761.1	60700	0
60831.4	60800	17376
60902.2	60900	5792
61013.2	61000	13032
61105.1	61100	17376
61201.2	61200	28960
61300.2	61300	55024
61512.3	61400	2896
61716.2	61500	0
61716.3	61600	0
61716.3	61700	0
61820.2	61800	26064
61911.2	61900	8688
62006.1	62000	15928
62110.2	62100	23168
62213.2	62200	31856
62433.3	62300	8688
62433.3	62400	0
62637.3	62500	0
62637.4	62600	0
62701.2	62700	23168
62805.2	62800	7240
62916.2	62900	15928
63013.3	63000	17376
63107.2	63100	28960
63203.2	63200	43440
63473.4	63300	43440
63473.4	63400	0
63501.4	63500	23168
63600.2	63600	17376
