0	0	1
130.052	100	15928
222.899	200	36200
449.042	300	17376
449.109	400	0
1465.1	500	0
1465.14	600	0
1465.15	700	1448
1465.19	800	1448
1465.2	900	0
1531.37	1000	0
1531.46	1100	0
1534.92	1200	0
1600.08	1300	66608
1600.19	1400	1448
1666.02	1500	1448
1666.1	1600	1448
1876.05	1700	0
1876.12	1800	0
1943.94	1900	0
2008.95	2000	15928
2301.99	2100	14480
2302.03	2200	0
2303	2300	0
2438.14	2400	14480
2504.96	2500	7240
2646.33	2600	20272
2716.03	2700	11584
2826.95	2800	18824
3123.13	2900	14480
3123.17	3000	0
3123.22	3100	0
3255.05	3200	24616
3320.09	3300	10136
3526.11	3400	2896
3526.17	3500	0
3658.05	3600	14480
3722.03	3700	8688
3938.08	3800	1448
3938.11	3900	0
4247.13	4000	13032
4247.2	4100	0
4312.06	4200	0
4313.02	4300	0
4444.09	4400	14480
4511.99	4500	7240
4660.1	4600	20272
4724.12	4700	11584
4803.03	4800	18824
4914.05	4900	20272
5001	5000	20272
5107.1	5100	28960
5200.95	5200	26064
5320.06	5300	44888
5412.07	5400	43440
5501.05	5500	78192
5600.13	5600	95568
5899.09	5700	99912
5899.14	5800	0
5900.07	5900	0
6106.17	6000	0
6107.99	6100	0
6203.09	6200	143352
6311	6300	97016
6404.04	6400	108600
6509.01	6500	144800
6601.07	6600	124528
6703.09	6700	146248
6810.22	6800	167968
6903.13	6900	149144
7125.16	7000	27512
7126.09	7100	0
7200	7200	172312
7301.08	7300	115840
7526.22	7400	0
7526.3	7500	0
7605.06	7600	202720
7841.08	7700	41992
7844.02	7800	0
7912.13	7900	1448
8009.07	8000	257744
8101.12	8100	150592
8342.19	8200	52128
8342.27	8300	0
8547.25	8400	0
8547.31	8500	0
8612.06	8600	14480
8702.58	8700	250504
8801.13	8800	144800
8900.11	8900	146248
9000.11	9000	163624
9102.07	9100	153488
9374.13	9200	107152
9376.04	9300	0
9400.07	9400	0
9578.09	9500	0
9600.15	9600	120184
9710.14	9700	217200
9800.04	9800	140456
10017.1	9900	26064
10019.1	10000	0
10107.1	10100	181000
10201.2	10200	153488
10308.1	10300	147696
10400.1	10400	152040
10501.1	10500	156384
10600.1	10600	150592
10702.1	10700	181000
10804.1	10800	165072
11023.2	10900	4344
11023.3	11000	0
11230.3	11100	0
11230.4	11200	0
11305.2	11300	89776
11401.6	11400	243264
11698.2	11500	150592
11700.2	11600	0
11700.2	11700	0
11801.1	11800	95568
11900.3	11900	293944
12002.2	12000	170864
12100.1	12100	179552
12201.1	12200	156384
12308.1	12300	181000
12550.4	12400	65160
12550.5	12500	0
12618.2	12600	0
12706.2	12700	170864
12807.2	12800	298288
13029.3	12900	30408
13029.4	13000	0
13234.2	13100	0
13236.2	13200	0
13300.1	13300	40544
13400.1	13400	357656
13501.3	13500	218648
13603.2	13600	207064
13701.2	13700	208512
13801.1	13800	204168
13902.2	13900	179552
14001.2	14000	195480
14101.2	14100	118736
14204.3	14200	5792
14342.2	14300	432952
14405.9	14400	99912
14505.2	14500	44888
14637.2	14600	285256
14791.3	14700	0
14801.3	14800	0
14923.2	14900	288152
15029.2	15000	147696
15100.2	15100	114392
15202.2	15200	191136
15326.2	15300	137560
15488.2	15400	0
15500.2	15500	0
15600.2	15600	251952
15706.2	15700	208512
15804.3	15800	225888
15900.2	15900	249056
16001.2	16000	220096
16101.2	16100	237472
16207.3	16200	208512
16301.2	16300	201272
16404.2	16400	234576
16501.3	16500	127424
16608.2	16600	167968
16700.3	16700	314216
16802.2	16800	127424
16902.2	16900	321456
17000.3	17000	240368
17101.3	17100	211408
17200.4	17200	73848
17307.3	17300	363448
17401.3	17400	225888
17501.2	17500	237472
17600.3	17600	241816
17701.3	17700	260640
17800.2	17800	211408
17900.2	17900	254848
18000.3	18000	275120
18110.2	18100	254848
18200.4	18200	186792
18300.4	18300	68056
18407.3	18400	427160
18500.3	18500	91224
18600.2	18600	406888
18700.3	18700	246160
18801.3	18800	246160
18901.4	18900	234576
19000.2	19000	264984
19100.3	19100	266432
19202.9	19200	254848
19307.4	19300	43440
19403.3	19400	427160
19501.4	19500	238920
19600.2	19600	278016
19705.3	19700	243264
19807.3	19800	263536
19916.9	19900	260640
20001.3	20000	140456
20100.2	20100	399648
20389.4	20200	224440
20391.3	20300	0
20400.2	20400	0
20509.3	20500	376480
20603.3	20600	249056
20701.3	20700	272224
20800.3	20800	286704
20901.3	20900	263536
21001.3	21000	280912
21100.3	21100	263536
21202.1	21200	162176
21301.3	21300	351864
21404.3	21400	249056
21501.4	21500	280912
21608.3	21600	286704
21701.3	21700	276568
21800.4	21800	139008
21900.2	21900	366344
22001.4	22000	293944
22100.3	22100	260640
22200.4	22200	308424
22300.3	22300	289600
22401.3	22400	286704
22628.4	22500	75296
22630.3	22600	0
22700.4	22700	0
22802.3	22800	583544
23011.4	22900	1448
23013.3	23000	0
23101.4	23100	293944
23200.3	23200	320008
23305.4	23300	257744
23400.3	23400	279464
23509.4	23500	275120
23600.4	23600	292496
23700.3	23700	278016
23800.1	23800	278016
23900.4	23900	4344
24009.4	24000	599472
24100.4	24100	299736
24202.4	24200	304080
24303.4	24300	333040
24400.3	24400	318560
24501.4	24500	298288
24601.5	24600	353312
24701	24700	285256
24801.5	24800	289600
24901.3	24900	380824
25002.5	25000	322904
25129.5	25100	382272
25200.3	25200	243264
25300.4	25300	311320
25400.4	25400	285256
25500.3	25500	351864
25606.4	25600	324352
25700.5	25700	308424
25800.5	25800	0
25903.5	25900	609608
26000.1	26000	312768
26100.5	26100	321456
26201.4	26200	321456
26300.4	26300	344624
26407.5	26400	181000
26610.6	26500	0
26610.7	26600	0
26701.5	26700	569064
26804.4	26800	330144
26901.4	26900	335936
27000.4	27000	318560
27100.4	27100	364896
27203.4	27200	327248
27300.9	27300	338832
27400.5	27400	344624
27502.4	27500	321456
27600.5	27600	147696
27711.6	27700	529968
27800.5	27800	278016
27900.5	27900	49232
28009.4	28000	606712
28100.5	28100	322904
28201.5	28200	321456
28304.5	28300	309872
28401.5	28400	324352
28500.6	28500	333040
28600.4	28600	362000
28701.5	28700	341728
28800.4	28800	347520
28901.5	28900	344624
29001.5	29000	335936
29100.4	29100	57920
29210.6	29200	622640
29300.5	29300	309872
29401.6	29400	370688
29506.5	29500	280912
29603.5	29600	388064
29710.5	29700	376480
29800.5	29800	350416
29900.6	29900	227336
30146.6	30000	0
30146.6	30100	0
30200.4	30200	266432
30327.5	30300	611056
30400.5	30400	264984
30630.6	30500	83984
30630.7	30600	0
30700.5	30700	311320
30801.8	30800	353312
30906.6	30900	320008
31159.6	31000	192584
31160.5	31100	0
31200.6	31200	0
31301.5	31300	499560
31422.6	31400	262088
31588.7	31500	0
31600.6	31600	0
31701.6	31700	425712
31935.5	31800	70952
31937.5	31900	0
32018.5	32000	2896
32107.5	32100	511144
32207.5	32200	154936
32368.6	32300	0
32400.6	32400	0
32500.7	32500	427160
32600.5	32600	272224
32700.5	32700	289600
32808.5	32800	333040
33004.6	32900	1448
33006.6	33000	0
33100.6	33100	320008
33200.6	33200	318560
33301.6	33300	306976
33400.5	33400	324352
33511.6	33500	280912
33622.6	33600	267880
33791.7	33700	0
33801.7	33800	0
33900	33900	330144
34001.6	34000	318560
34100	34100	347520
34319.7	34200	28960
34320.6	34300	0
34402.6	34400	241816
34500.6	34500	298288
34601.6	34600	260640
34700.6	34700	327248
34800.6	34800	341728
34900.7	34900	324352
35000.5	35000	344624
35105.7	35100	341728
35233.7	35200	311320
35437.6	35300	37648
35437.7	35400	0
35638.8	35500	0
35638.8	35600	0
35911.7	35700	52128
35911.8	35800	0
35913.6	35900	0
36115.6	36000	0
36117.6	36100	0
36206.6	36200	593680
36300.6	36300	234576
36407.7	36400	333040
36500.6	36500	280912
36607.6	36600	377928
36703.7	36700	283808
36816.6	36800	344624
37021.8	36900	24616
37021.9	37000	0
37101.6	37100	0
37368.7	37200	527072
37370.6	37300	0
37401	37400	0
37501.8	37500	418472
37601.6	37600	373584
37702.8	37700	301184
37800.6	37800	347520
37900.7	37900	347520
38001.8	38000	367792
38100.7	38100	338832
38308.8	38200	7240
38310.6	38300	0
38400.6	38400	370688
38646.8	38500	134664
38648.7	38600	0
38700.8	38700	0
38929.7	38800	296840
38929.8	38900	0
39135.7	39000	0
39137.6	39100	0
39201.7	39200	37648
39304.8	39300	479288
39593.7	39400	231680
39594.6	39500	0
39600.6	39600	0
39793.7	39700	0
40001.7	39800	0
40003.7	39900	1448
40005.7	40000	1448
40208.7	40100	222992
40208.8	40200	0
40319.7	40300	534312
40402.7	40400	30408
40573.8	40500	0
40600.8	40600	0
40700.6	40700	331592
40827.7	40800	178104
40990.8	40900	0
41000.7	41000	0
41100.7	41100	275120
41204.7	41200	217200
41327.7	41300	178104
41486.8	41400	0
41500.7	41500	0
41691.8	41600	0
41700.7	41700	0
41819.7	41800	375032
41905.7	41900	191136
42000.7	42000	280912
42101.7	42100	237472
42308.8	42200	1448
42310.7	42300	0
42402.7	42400	222992
42617.7	42500	53576
42619.7	42600	0
42701.8	42700	224440
42935.8	42800	81088
42935.9	42900	0
43001.8	43000	4344
43100.7	43100	359104
43202.8	43200	246160
43302.8	43300	196928
43401.8	43400	234576
43678.8	43500	139008
43680.8	43600	0
43704	43700	0
43975.8	43800	241816
43975.9	43900	0
44179.8	44000	0
44181.7	44100	0
44201	44200	0
44306.8	44300	325800
44400.7	44400	182448
44500.8	44500	205616
44711.9	44600	13032
44713.8	44700	0
44801.7	44800	222992
45015.8	44900	21720
45017.7	45000	0
45215.8	45100	0
45215.9	45200	0
45300.7	45300	289600
45407.8	45400	127424
45503.8	45500	182448
45600.8	45600	225888
45832.9	45700	62264
45833.8	45800	0
45900.9	45900	167968
46000	46000	227336
46101.9	46100	208512
46313.9	46200	21720
46315.8	46300	0
46400.7	46400	207064
46503.9	46500	182448
46600.9	46600	199824
46700	46700	275120
46802.8	46800	249056
46900.9	46900	318560
47001.9	47000	315664
47100.8	47100	338832
47314.9	47200	14480
47316.8	47300	0
47400.1	47400	266432
47501.9	47500	353312
47602.8	47600	312768
47700.8	47700	344624
47806.8	47800	327248
47901.8	47900	333040
48000.8	48000	370688
48100.8	48100	364896
48337.9	48200	79640
48339.9	48300	0
48400.8	48400	0
48500.9	48500	595128
48601.9	48600	335936
48871.9	48700	243264
48873.9	48800	0
48900	48900	0
49001.9	49000	477840
49105.9	49100	333040
49207.9	49200	364896
49301.8	49300	370688
49423.9	49400	282360
49583.9	49500	0
49600	49600	0
49700	49700	445984
49801.9	49800	359104
49900.8	49900	385168
50154.9	50000	147696
50155.8	50100	0
50200	50200	0
50317.9	50300	593680
50412.9	50400	236024
50515.9	50500	286704
50613.9	50600	296840
50706.8	50700	304080
