0	0	1
150.051	100	15928
215.095	200	30408
300.993	300	78192
408.986	400	112944
500.069	500	147696
600.097	600	167968
700.142	700	24616
800.045	800	5792
1112.08	900	10136
1179.17	1000	1448
1179.31	1100	2896
1245.18	1200	30408
1310.13	1300	243264
1401.07	1400	79640
1616.22	1500	0
1616.34	1600	0
1700.09	1700	73848
1903.09	1800	2896
1904.08	1900	0
2110.14	2000	0
2110.24	2100	0
2310.16	2200	0
2310.29	2300	0
2513.21	2400	0
2513.31	2500	0
2600.1	2600	0
2700.04	2700	0
2802.07	2800	447432
2900.04	2900	115840
3000.05	3000	144800
3101.07	3100	156384
3201.06	3200	127424
3300.07	3300	153488
3400.05	3400	156384
3502.08	3500	165072
3601.05	3600	156384
3701.13	3700	167968
3800.08	3800	159280
3901.03	3900	173760
4000.03	4000	153488
4100.09	4100	176656
4200.06	4200	162176
4300.07	4300	179552
4401.06	4400	162176
4500.11	4500	173760
4601.1	4600	173760
4700.07	4700	179552
4803.13	4800	176656
4901.13	4900	165072
5001.07	5000	173760
5101.18	5100	182448
5200.09	5200	179552
5301.09	5300	188240
5400.15	5400	188240
5501.16	5500	191136
5601.12	5600	191136
5701.12	5700	191136
5800.14	5800	191136
5900.18	5900	199824
6001.18	6000	196928
6101.17	6100	196928
6200.09	6200	199824
6300.1	6300	202720
6400.19	6400	205616
6500.13	6500	202720
6601.21	6600	208512
6701.14	6700	202720
6800.16	6800	220096
6900.2	6900	208512
7000.15	7000	228784
7107.26	7100	156384
7206.24	7200	211408
7307.17	7300	220096
7402.21	7400	222992
7500.25	7500	220096
7600.23	7600	240368
7700.11	7700	225888
7825.48	7800	183896
7924.15	7900	152040
8026.19	8000	153488
8100.28	8100	160728
8218.15	8200	286704
8301.15	8300	208512
8408.16	8400	254848
8500.29	8500	231680
8600.22	8600	246160
8700.13	8700	257744
8801.15	8800	231680
8908.17	8900	246160
9000.19	9000	207064
9105.21	9100	196928
9201.99	9200	234576
9300.2	9300	254848
9400.22	9400	257744
9500.21	9500	263536
9600.21	9600	257744
9701.22	9700	257744
9805.35	9800	251952
9900.25	9900	254848
10000.2	10000	254848
10100.3	10100	263536
10201.2	10200	254848
10300.2	10300	266432
10401.2	10400	272224
10500.2	10500	237472
10601.2	10600	205616
10700.3	10700	205616
10801.6	10800	205616
10900.2	10900	202720
11001.2	11000	208512
11100.2	11100	208512
11201.2	11200	208512
11300.2	11300	202720
11400.2	11400	266432
11501.2	11500	272224
11600.2	11600	266432
11702.3	11700	249056
11803.2	11800	333040
11901.3	11900	333040
12000.3	12000	356208
12100.2	12100	356208
12200.2	12200	362000
12300.2	12300	393856
12400.2	12400	388064
12501.3	12500	382272
12600.2	12600	388064
12700.2	12700	388064
12811.3	12800	320008
12924.3	12900	364896
13018.3	13000	276568
13108.3	13100	299736
13200.3	13200	322904
13301.3	13300	370688
13400.3	13400	363448
13500.3	13500	360552
13600.3	13600	364896
13700.2	13700	359104
13801.3	13800	356208
13900.3	13900	359104
14001.4	14000	321456
14102.4	14100	101360
14200.3	14200	249056
14300.4	14300	402544
14400.5	14400	92672
14500.3	14500	437296
14602.4	14600	234576
14700.3	14700	205616
14801.3	14800	237472
14900.3	14900	208512
15000.3	15000	208512
15101.4	15100	205616
15200.3	15200	208512
15300.3	15300	202720
15400.4	15400	208512
15500.8	15500	205616
15600.3	15600	196928
15701.3	15700	205616
15800.3	15800	208512
15906.3	15900	199824
16000.3	16000	214304
16100.3	16100	199824
16201.3	16200	211408
16301.3	16300	202720
16401.4	16400	205616
16500.3	16500	205616
16600.4	16600	205616
16700.3	16700	208512
16800.4	16800	205616
16900.4	16900	208512
17000.3	17000	208512
17100.3	17100	231680
17201.4	17200	208512
17301.4	17300	205616
17400.4	17400	202720
17501.3	17500	211408
17601.4	17600	208512
17700.4	17700	199824
17801.3	17800	205616
17904.4	17900	189688
18013.4	18000	173760
18105.4	18100	85432
18202.4	18200	1448
18445.5	18300	0
18445.6	18400	0
18517.5	18500	0
18601.3	18600	296840
18700.4	18700	167968
18800.4	18800	130320
18901.5	18900	144800
19001.1	19000	133216
19100.4	19100	150592
19200.4	19200	124528
19306.5	19300	159280
19400.3	19400	139008
19502.3	19500	153488
19601.4	19600	147696
19707.4	19700	153488
19800.4	19800	156384
19902.4	19900	144800
20002.4	20000	153488
20100.5	20100	159280
20200.4	20200	156384
20300.4	20300	159280
20402.5	20400	167968
20504.4	20500	153488
20600.5	20600	165072
20700.4	20700	167968
20801.4	20800	173760
20900.5	20900	167968
21002.4	21000	182448
21100.4	21100	176656
21202.4	21200	170864
21301.5	21300	173760
21400.5	21400	185344
21507.5	21500	173760
21601.5	21600	188240
21700.5	21700	176656
21800.5	21800	205616
21900.5	21900	185344
22000.4	22000	185344
22100.5	22100	205616
22205.5	22200	188240
22304.6	22300	199824
22401.5	22400	188240
22500.4	22500	202720
22602.5	22600	196928
22702.5	22700	217200
22801.4	22800	191136
22901.5	22900	225888
23022.5	23000	212856
23123.5	23100	136112
23202.5	23200	137560
23312.5	23300	139008
23400.4	23400	222992
23503.4	23500	194032
23601.5	23600	249056
23700.6	23700	191136
23800.6	23800	231680
23900.5	23900	222992
24001.5	24000	194032
24101.5	24100	211408
24200.5	24200	217200
24300.5	24300	205616
24400.5	24400	167968
24500.4	24500	165072
24600.5	24600	162176
24700.5	24700	127424
24800.6	24800	20272
24900.5	24900	234576
25000.5	25000	159280
25102.5	25100	182448
25201.5	25200	170864
25300.5	25300	191136
25400.5	25400	185344
25502.5	25500	202720
25601.5	25600	191136
25700.5	25700	199824
25800.3	25800	199824
25905.5	25900	205616
26004.5	26000	205616
26103.6	26100	214304
26200.5	26200	214304
26301.8	26300	222992
26401.6	26400	214304
26500.5	26500	234576
26600.6	26600	222992
26703.6	26700	231680
26800.5	26800	199824
26901.6	26900	231680
27000.5	27000	188240
27100.5	27100	254848
27201.5	27200	220096
27300.6	27300	240368
27400.6	27400	243264
27502.5	27500	214304
27603.5	27600	249056
27703.6	27700	205616
27800.5	27800	257744
27900.6	27900	222992
28028.6	28000	279464
28128.5	28100	153488
28223.6	28200	153488
28300.6	28300	102808
28400.7	28400	243264
28508.6	28500	211408
28601.7	28600	217200
28701.6	28700	205616
28809.6	28800	196928
28903.6	28900	234576
29001.6	29000	225888
29106.6	29100	240368
29200.8	29200	246160
29300.5	29300	228784
29400.5	29400	237472
29500.6	29500	222992
29604.6	29600	266432
29700.6	29700	237472
29800.5	29800	263536
29900.7	29900	254848
30001.5	30000	263536
30108.6	30100	222992
30200.8	30200	220096
30304.6	30300	254848
30410.7	30400	260640
30500.7	30500	254848
30609.6	30600	257744
30709.6	30700	260640
30819.6	30800	260640
30901.7	30900	188240
31001.6	31000	280912
31100.6	31100	275120
31200.6	31200	280912
31301.6	31300	263536
31405.6	31400	286704
31500.7	31500	254848
31600.7	31600	272224
31700.6	31700	251952
31800.6	31800	246160
31900.6	31900	272224
32001.6	32000	286704
32100.7	32100	266432
32200.7	32200	318560
32302	32300	240368
32401.7	32400	338832
32500.7	32500	243264
32600.7	32600	309872
32700.9	32700	275120
32801.6	32800	318560
32907.7	32900	295392
33001.6	33000	302632
33103.7	33100	244712
33200.7	33200	202720
33300.6	33300	291048
33400.8	33400	318560
33501.7	33500	338832
33601.6	33600	309872
33700.8	33700	298288
33804.7	33800	359104
33904.7	33900	249056
34004.7	34000	321456
34101.7	34100	315664
34200.7	34200	359104
34301.7	34300	254848
34400.7	34400	341728
34500.8	34500	364896
34601.7	34600	373584
34700.7	34700	379376
34800.7	34800	388064
34901.8	34900	376480
35000.8	35000	370688
35100.7	35100	388064
35200.6	35200	390960
35300.7	35300	376480
35400.7	35400	382272
35500.7	35500	396752
35600.9	35600	379376
35700.6	35700	388064
35800.8	35800	376480
35900.7	35900	350416
36000.8	36000	364896
36101.7	36100	359104
36201	36200	359104
36300.8	36300	359104
36400.7	36400	347520
36500.7	36500	130320
36600.8	36600	211408
36700.8	36700	477840
36800.7	36800	272224
36900.8	36900	260640
37000.7	37000	275120
37100.7	37100	269328
37200.7	37200	315664
37300.7	37300	359104
37400.7	37400	362000
37500.7	37500	356208
37600.9	37600	376480
37700.7	37700	379376
37800.7	37800	388064
37900.7	37900	388064
38000.7	38000	388064
38128.8	38100	492320
38218.8	38200	295392
38314.8	38300	254848
38415.8	38400	337384
38504.8	38500	330144
38600.9	38600	353312
38700.7	38700	393856
38800.7	38800	382272
38900.8	38900	385168
39001.7	39000	348968
39100.8	39100	192584
39208.8	39200	427160
39310.7	39300	317112
39400.8	39400	360552
39501.7	39500	398200
39600.8	39600	398200
39707.8	39700	380824
39801.7	39800	364896
39900.8	39900	419920
40001.8	40000	360552
40100.8	40100	406888
40206.8	40200	411232
40300.8	40300	447432
40400.7	40400	395304
40500.8	40500	453224
40600.8	40600	424264
40700.9	40700	453224
40800.9	40800	431504
40900	40900	417024
41000.8	41000	437296
41100.8	41100	406888
41201.8	41200	386616
41302.8	41300	388064
41400.9	41400	385168
41500.9	41500	440192
41600.9	41600	412680
41707.8	41700	398200
41800.9	41800	350416
41903.8	41900	279464
42002.9	42000	253400
42101.8	42100	250504
42200.8	42200	263536
42300.8	42300	267880
42400.8	42400	366344
42501.8	42500	383720
42601.7	42600	376480
42700.8	42700	399648
42800.8	42800	247608
42900.8	42900	390960
43000.9	43000	383720
43123.9	43100	480736
43214.9	43200	280912
43318.9	43300	276568
43424.9	43400	241816
43517.8	43500	302632
43601.8	43600	299736
43703.3	43700	343176
43800	43800	373584
43900.9	43900	389512
44002.9	44000	264984
44100.9	44100	406888
44202.8	44200	459016
44300.9	44300	418472
44400.8	44400	479288
44500	44500	453224
44600.8	44600	495216
44700	44700	451776
44800	44800	473496
44900.9	44900	457568
45000.9	45000	483632
45100.9	45100	470600
45200	45200	467704
45301	45300	483632
45402	45400	498112
45500	45500	467704
45600.9	45600	453224
45701	45700	479288
45805.9	45800	482184
45900	45900	490872
46000.9	46000	463360
46100	46100	464808
46206	46200	438744
46300	46300	379376
46400.9	46400	459016
46501	46500	472048
46600	46600	492320
46700.9	46700	502456
46801.9	46800	405440
46901.8	46900	279464
47002.1	47000	66608
47101	47100	444536
47202	47200	262088
47300.9	47300	295392
47405	47400	338832
47506	47500	315664
47604.9	47600	295392
47700	47700	363448
47800	47800	409784
47900	47900	373584
48003.9	48000	396752
48122.9	48100	434400
48218	48200	376480
48316	48300	282360
48409.1	48400	286704
48508	48500	286704
48600	48600	289600
48700	48700	292496
48812.9	48800	293944
48908	48900	298288
49001.1	49000	315664
49100.9	49100	459016
49200	49200	473496
49301	49300	470600
49401	49400	492320
49500	49500	473496
49600	49600	473496
49700	49700	487976
49800	49800	487976
49900	49900	498112
50001.1	50000	480736
50100	50100	412680
50200	50200	411232
50301.1	50300	328696
50406	50400	309872
50500.9	50500	308424
50600	50600	295392
50700	50700	304080
50801	50800	304080
50900.9	50900	320008
51001	51000	472048
51101	51100	450328
51201.1	51200	540104
51301	51300	474944
51400	51400	527072
51501.1	51500	490872
51600.1	51600	512592
51700	51700	464808
51800	51800	538656
51900	51900	486528
52000.1	52000	518384
52101	52100	493768
52200.2	52200	505352
52300	52300	512592
52400	52400	496664
52501.1	52500	512592
52601.1	52600	506800
52702	52700	427160
52801.1	52800	437296
52902	52900	335936
53000	53000	298288
53101	53100	348968
53201	53200	415576
53300.1	53300	422816
53427.1	53400	395304
53525.1	53500	327248
53620.1	53600	292496
53721.2	53700	328696
53816	53800	328696
53908	53900	328696
54001.1	54000	414128
54100.1	54100	431504
54200.1	54200	311320
54300.1	54300	388064
54401	54400	308424
54500	54500	375032
54601	54600	388064
54700.1	54700	390960
54800.1	54800	362000
54901.3	54900	372136
55000.1	55000	348968
55101.1	55100	351864
55200.1	55200	393856
55300.1	55300	383720
55401.2	55400	382272
55500.1	55500	493768
55600.1	55600	472048
55701.2	55700	431504
55800	55800	492320
55901.4	55900	469152
56000.1	56000	561824
56101.3	56100	501008
56201.2	56200	551688
56300.1	56300	537208
56400.1	56400	544448
56500.1	56500	554584
56600.1	56600	560376
56700.2	56700	554584
56800.2	56800	566168
56900.1	56900	538656
57000.1	57000	547344
57100.1	57100	592232
57201.2	57200	577752
57300.1	57300	527072
57401.1	57400	598024
57502.2	57500	590784
57604.1	57600	463360
57700.2	57700	315664
57801.1	57800	456120
57900.1	57900	373584
58004.2	58000	330144
58100.3	58100	412680
58201.1	58200	496664
58300.2	58300	432952
58400.1	58400	375032
58508.1	58500	457568
58642.1	58600	386616
58706.1	58700	262088
58800.3	58800	328696
58933.2	58900	402544
59014.2	59000	337384
59109.1	59100	346072
59200.1	59200	502456
59301.1	59300	506800
59400.2	59400	550240
59500.7	59500	544448
59600.2	59600	550240
59701.3	59700	519832
59800.2	59800	566168
59900.2	59900	573408
60000.1	60000	566168
60100.2	60100	563272
60200.1	60200	570512
60301.5	60300	563272
60400.2	60400	582096
60500.1	60500	566168
60600.2	60600	595128
60700.3	60700	579200
60802.2	60800	609608
60900.2	60900	551688
61001.2	61000	583544
61101.2	61100	603816
61200.2	61200	592232
61307.2	61300	514040
61401.3	61400	312768
61500.2	61500	53576
61602.2	61600	628432
61701.3	61700	362000
61801.2	61800	263536
61900.2	61900	260640
62001.2	62000	380824
62101.2	62100	383720
62201.2	62200	383720
62303.3	62300	301184
62400.3	62400	411232
62500.2	62500	430056
62604.2	62600	357656
62701.3	62700	398200
62800.3	62800	492320
62901.2	62900	476392
63000.2	63000	496664
63101.3	63100	480736
63200.3	63200	496664
63301.3	63300	502456
63401.3	63400	495216
63509.3	63500	489424
63608.3	63600	288152
63700.2	63700	338832
63831.3	63800	390960
63945.2	63900	330144
64008.3	64000	270776
64110.3	64100	334488
64203.3	64200	392408
64301.2	64300	514040
64401.3	64400	496664
64500.3	64500	512592
64601.4	64600	525624
64702.3	64700	406888
64801.2	64800	451776
64900.3	64900	463360
65001.2	65000	514040
65103.3	65100	492320
65200.4	65200	519832
65303.2	65300	501008
65400.3	65400	512592
65500.2	65500	524176
65601.3	65600	516936
65701.3	65700	518384
65806.3	65800	492320
65900.3	65900	514040
66000.3	66000	496664
66100.3	66100	514040
66200.2	66200	531416
66300.3	66300	515488
66400.2	66400	524176
66501.3	66500	521280
66600.2	66600	524176
66701.4	66700	524176
66801.3	66800	503904
66901.7	66900	527072
67001.4	67000	521280
67101.3	67100	521280
67200.3	67200	516936
67300.3	67300	518384
67405.3	67400	514040
67501.3	67500	514040
67600.3	67600	519832
67702.3	67700	441640
67800.3	67800	485080
67900.3	67900	535760
68001.4	68000	521280
68102.4	68100	521280
68201.3	68200	474944
68301.4	68300	557480
68400.4	68400	527072
68501	68500	537208
68610.4	68600	445984
68777.4	68700	467704
68814.4	68800	238920
68914.3	68900	335936
69020.4	69000	356208
69113.4	69100	364896
69209.3	69200	356208
69301.3	69300	348968
69400.4	69400	492320
69502.3	69500	556032
69601.4	69600	463360
69700.4	69700	296840
69800.4	69800	450328
70076.5	69900	163624
70076.6	70000	0
70281.5	70100	0
70282.4	70200	0
70347.4	70300	18824
70400.4	70400	88328
70501.3	70500	5792
70601.4	70600	0
70700.4	70700	7240
70800.4	70800	308424
70900.4	70900	72400
71001.3	71000	616848
71100.3	71100	196928
71200.4	71200	209960
71300.4	71300	204168
71401.4	71400	207064
71500.3	71500	207064
71600.4	71600	202720
71700.3	71700	207064
71802.4	71800	205616
71901.5	71900	143352
72000.4	72000	0
72101.4	72100	353312
72200.4	72200	165072
72300.4	72300	167968
72402.6	72400	160728
72632.5	72500	28960
72632.5	72600	0
72841.5	72700	0
72846.5	72800	0
72907.5	72900	10136
73124.4	73000	76744
73125.4	73100	0
73333.5	73200	0
73333.6	73300	0
73400.4	73400	140456
73700.5	73500	107152
73700.6	73600	0
73700.7	73700	0
73879.5	73800	0
73945.5	73900	11584
74010.4	74000	112944
74124.4	74100	68056
74296.5	74200	0
74300.6	74300	0
74499.5	74400	0
74500.4	74500	0
74776.5	74600	47784
74776.6	74700	0
74987.6	74800	0
74987.7	74900	0
