0	0	1
130.004	100	15928
226.003	200	34752
320.973	300	14480
401.991	400	46336
500.98	500	166520
601.96	600	163624
701.039	700	7240
800.016	800	270776
900.06	900	118736
1000.02	1000	46336
1100.1	1100	156384
1203.02	1200	314216
1308.07	1300	152040
1400.02	1400	39096
1500.13	1500	107152
1600.13	1600	286704
1700.07	1700	41992
1800.04	1800	17376
1901.14	1900	267880
2001.11	2000	28960
2100.1	2100	301184
2201.07	2200	304080
2300.05	2300	167968
2401.05	2400	167968
2500.12	2500	154936
2600.07	2600	20272
2700.02	2700	357656
2801.01	2800	191136
2901.05	2900	173760
3001.05	3000	202720
3100.05	3100	196928
3201.1	3200	202720
3300.08	3300	205616
3400.08	3400	208512
3501.13	3500	208512
3600.07	3600	211408
3700.05	3700	211408
3802.2	3800	211408
3900.04	3900	211408
4001.05	4000	249056
4100.03	4100	243264
4200.03	4200	266432
4301.08	4300	263536
4400.04	4400	266432
4501.1	4500	263536
4600.12	4600	272224
4700.09	4700	272224
4800.13	4800	266432
4900.04	4900	269328
5000.04	5000	272224
5100.09	5100	266432
5200.07	5200	275120
5300.62	5300	263536
5400.14	5400	269328
5501.17	5500	275120
5600.14	5600	266432
5700.09	5700	263536
5801.14	5800	275120
5900.23	5900	266432
6000.11	6000	272224
6100.18	6100	0
6200.09	6200	534312
6300.08	6300	273672
6400.18	6400	269328
6500.26	6500	254848
6601.23	6600	8688
6700.1	6700	543000
6801.16	6800	272224
6900.22	6900	86880
7000.11	7000	11584
7100.2	7100	86880
7200.11	7200	464808
7300.12	7300	53576
7401.18	7400	0
7500.12	7500	162176
7600.15	7600	221544
7700.14	7700	236024
7800.21	7800	0
7900.2	7900	351864
8010.3	8000	241816
8101.26	8100	8688
8200.17	8200	595128
8300.15	8300	188240
8400.14	8400	209960
8500.17	8500	204168
8600.27	8600	205616
8700.18	8700	208512
8800.77	8800	207064
8901.18	8900	205616
9000.2	9000	208512
9101.2	9100	207064
9200.17	9200	207064
9300.17	9300	202720
9402.16	9400	211408
9500.14	9500	207064
9601.19	9600	207064
9701.2	9700	175208
9800.15	9800	41992
9900.25	9900	34752
10000.2	10000	366344
10100.2	10100	44888
10201.3	10200	207064
10300.3	10300	0
10401.3	10400	134664
10500.3	10500	167968
10600.4	10600	170864
10862.3	10700	137560
10864.2	10800	0
10900.3	10900	137560
11001.2	11000	472048
11101.2	11100	169416
11200.2	11200	162176
11301.2	11300	167968
11400.3	11400	163624
11500.2	11500	165072
11601.3	11600	167968
11700.2	11700	160728
11800.2	11800	121632
11900.3	11900	60816
12000.2	12000	318560
12100.2	12100	165072
12200.3	12200	165072
12300.3	12300	139008
12400.3	12400	34752
12500.2	12500	322904
12608.3	12600	175208
12708.3	12700	125976
12800.4	12800	0
12900.3	12900	194032
13001.3	13000	311320
13101.3	13100	165072
13201.2	13200	167968
13300.2	13300	166520
13400.3	13400	72400
13526.3	13500	383720
13615.3	13600	170864
13700.3	13700	175208
13800.2	13800	204168
13901.2	13900	211408
14061.3	14000	70952
14126.3	14100	5792
14229.3	14200	8688
14301.3	14300	97016
14400.3	14400	202720
14501.2	14500	207064
14601.3	14600	207064
14700.3	14700	169416
14801.3	14800	167968
14900.4	14900	14480
15002.3	15000	91224
15277.5	15100	0
15277.6	15200	0
15485.4	15300	0
15486.4	15400	0
15500.3	15500	57920
15601.3	15600	380824
15700.3	15700	236024
15800.3	15800	57920
15900.4	15900	240368
16000.3	16000	236024
16100.4	16100	335936
16201.3	16200	225888
16300.4	16300	209960
16400.4	16400	220096
16500.4	16500	236024
16600.3	16600	267880
16700.4	16700	264984
16800.3	16800	264984
16901.4	16900	286704
17000.3	17000	292496
17101.4	17100	330144
17200.3	17200	327248
17301.4	17300	330144
17400.5	17400	356208
17501.3	17500	369240
17600.4	17600	373584
17700.5	17700	388064
17801.1	17800	393856
17900.3	17900	385168
18000.3	18000	390960
18100.3	18100	383720
18200.3	18200	383720
18300.3	18300	390960
18415.4	18400	441640
18504.4	18500	343176
18624.4	18600	466256
18701.4	18700	260640
18802.4	18800	267880
18902.5	18900	0
19000.4	19000	15928
19100.3	19100	700832
19200.5	19200	0
19300.4	19300	1448
19400.4	19400	111496
19500.4	19500	72400
19605.4	19600	1243832
19700.4	19700	282360
19800.5	19800	227336
19900.4	19900	7240
20000.5	20000	702280
20101.5	20100	379376
20200.5	20200	390960
20300.4	20300	388064
20400.4	20400	362000
20500.4	20500	350416
20600.5	20600	244712
20700.5	20700	15928
20800.4	20800	33304
20900.5	20900	396752
21000.4	21000	0
21101.5	21100	43440
21200.5	21200	181000
21300.4	21300	815224
21400.5	21400	528520
21508.5	21500	52128
21600.5	21600	331592
21700.4	21700	603816
21800.4	21800	360552
21900.4	21900	364896
22001.5	22000	360552
22100.5	22100	356208
22201.4	22200	360552
22300.4	22300	360552
22400.4	22400	351864
22501.4	22500	330144
22600.6	22600	227336
22700.5	22700	5792
22800.4	22800	0
22900.5	22900	211408
23000.4	23000	0
23100.4	23100	296840
23200.4	23200	75296
23301.4	23300	0
23400.8	23400	127424
23500.4	23500	340280
23600.5	23600	0
23700.5	23700	0
23800.4	23800	225888
23900.5	23900	666080
24000.5	24000	680560
24101.6	24100	296840
24200.5	24200	283808
24300.5	24300	283808
24400.5	24400	283808
24501.5	24500	302632
24602.6	24600	317112
24705.6	24700	305528
24800.5	24800	273672
24902.5	24900	388064
25003.5	25000	386616
25100.5	25100	392408
25200.4	25200	434400
25301.5	25300	399648
25403.5	25400	393856
25500.5	25500	335936
25601.5	25600	124528
25700.6	25700	603816
25801.5	25800	390960
25900.7	25900	211408
26001.5	26000	133216
26100.5	26100	524176
26200.6	26200	651600
26300.5	26300	34752
26401.6	26400	333040
26500.6	26500	188240
26600.5	26600	451776
26700.6	26700	0
26800.5	26800	0
26900.6	26900	631328
27000.6	27000	0
27100.6	27100	133216
27261.6	27200	464808
27326.6	27300	237472
27455.5	27400	76744
27500.5	27500	418472
27601.5	27600	334488
27700.5	27700	4344
27800.5	27800	8688
27901.5	27900	485080
28000.6	28000	5792
28101.7	28100	57920
28201.7	28200	0
28300.6	28300	360552
28401.7	28400	215752
28500.6	28500	363448
28600.5	28600	114392
28700.5	28700	308424
28811.5	28800	573408
28900.5	28900	183896
29000.5	29000	207064
29100.5	29100	198376
29200.5	29200	207064
29300.5	29300	207064
29400.6	29400	202720
29500.6	29500	207064
29600.5	29600	211408
29701.6	29700	207064
29801.6	29800	208512
29901.6	29900	241816
30000.6	30000	198376
30100.5	30100	205616
30200.5	30200	207064
30301.6	30300	202720
30407.6	30400	183896
30503.7	30500	207064
30600.6	30600	224440
30702.6	30700	204168
30802.5	30800	207064
30901.6	30900	201272
31000.6	31000	202720
31101.5	31100	207064
31200.5	31200	202720
31301.6	31300	205616
31400.5	31400	202720
31500.6	31500	202720
31600.6	31600	205616
31700.6	31700	202720
31800.6	31800	204168
31900.7	31900	204168
32001.6	32000	208512
32100.6	32100	201272
32200.6	32200	207064
32301.6	32300	204168
32400.7	32400	208512
32500.7	32500	249056
32601.6	32600	247608
32700.7	32700	264984
32800.8	32800	257744
32900.7	32900	259192
33000.7	33000	264984
33107.7	33100	260640
33201.7	33200	276568
33300.7	33300	272224
33400.7	33400	275120
33500.6	33500	299736
33620.7	33600	353312
33711.7	33700	317112
33800.7	33800	328696
33900.7	33900	344624
34000.7	34000	364896
34101.7	34100	357656
34200.7	34200	353312
34300.7	34300	360552
34401.6	34400	367792
34500.7	34500	353312
34600.7	34600	363448
34700.7	34700	360552
34800.7	34800	364896
34900.7	34900	346072
35000.6	35000	367792
35100.6	35100	375032
35201.6	35200	386616
35301.7	35300	383720
35401.6	35400	383720
35500.7	35500	364896
35600.7	35600	390960
35701.7	35700	379376
35800.7	35800	325800
35904.7	35900	388064
36003.7	36000	422816
36108.7	36100	425712
36203.7	36200	401096
36300.7	36300	377928
36400.7	36400	243264
36500.8	36500	0
36601.7	36600	66608
36701.8	36700	1135232
36802.7	36800	181000
36900.7	36900	7240
37000	37000	50680
37100.7	37100	95568
37200	37200	0
37300.7	37300	716760
37401.8	37400	194032
37500.8	37500	0
37602.8	37600	0
37700	37700	680560
37800.7	37800	5792
37900.9	37900	356208
38000.7	38000	0
38100.8	38100	181000
38200.8	38200	0
38300.8	38300	625536
38400.7	38400	870248
38500.8	38500	348968
38600.8	38600	346072
38700.8	38700	320008
38801.7	38800	360552
38900.7	38900	340280
39005.7	39000	379376
39105.7	39100	377928
39224.7	39200	395304
39315.7	39300	344624
39400.8	39400	333040
39500.8	39500	347520
39603.8	39600	389512
39700.7	39700	496664
39801.8	39800	443088
39900.8	39900	477840
40001.9	40000	474944
40100.8	40100	470600
40200.9	40200	508248
40300.9	40300	495216
40400.8	40400	527072
40500.8	40500	512592
40600.8	40600	511144
40700.7	40700	522728
40802.8	40800	521280
40900.8	40900	503904
41004.9	41000	483632
41100.9	41100	434400
41201	41200	220096
41300.8	41300	0
41400.8	41400	686352
41500.8	41500	340280
41601.9	41600	0
41700	41700	522728
41800.8	41800	376480
41900.8	41900	10136
42000.8	42000	1448
42101.9	42100	443088
42200.8	42200	1233696
42300.9	42300	167968
42400.9	42400	133216
42500.9	42500	797848
42600.9	42600	414128
42702.6	42700	386616
42800.8	42800	76744
42900.8	42900	690696
43001.8	43000	395304
43100.8	43100	388064
43200.8	43200	386616
43300	43300	53576
43401.8	43400	718208
43500.9	43500	388064
43602	43600	373584
43757	43700	99912
43829.9	43800	5792
43904.9	43900	5792
44000.9	44000	221544
44101.9	44100	2896
44200	44200	0
44325.9	44300	973056
44415.9	44400	348968
44504.9	44500	275120
44600	44600	231680
44700	44700	0
44800.9	44800	845632
44907.8	44900	318560
45000.9	45000	487976
45100.9	45100	425712
45201.8	45200	463360
45300.9	45300	460464
45400.8	45400	457568
45500.8	45500	514040
45600.8	45600	554584
45701.9	45700	557480
45800.8	45800	582096
45900.9	45900	569064
46000.9	46000	590784
46104.9	46100	602368
46200.9	46200	586440
46301	46300	589336
46400.8	46400	556032
46500	46500	234576
46600.1	46600	0
46700	46700	0
46800	46800	621192
46900	46900	1265552
47000	47000	0
47100.9	47100	1233696
47201.9	47200	600920
47300.1	47300	590784
47402	47400	611056
47500	47500	275120
47601.1	47600	334488
47700	47700	629880
47800	47800	4344
47900	47900	1261208
48000	48000	172312
48100.9	48100	939752
48200	48200	512592
48300	48300	211408
48400	48400	30408
48500.9	48500	1028080
48602	48600	0
48700	48700	140456
48800	48800	60816
48900.9	48900	0
49000	49000	1262656
49101.1	49100	854320
49225.9	49200	477840
49300	49300	4344
49400	49400	343176
49506	49500	741376
49600.1	49600	196928
49700	49700	130320
49815	49800	870248
49901	49900	328696
50000.2	50000	340280
50100.1	50100	33304
50200.9	50200	781920
50300.2	50300	385168
50400.1	50400	120184
50500.5	50500	240368
50601	50600	52128
50700	50700	1156952
50802.1	50800	502456
50900.9	50900	408336
51000.2	51000	457568
51101.1	51100	454672
51200	51200	501008
51300.1	51300	499560
51400	51400	502456
51500	51500	551688
51759.1	51600	270776
51759.2	51700	0
51802	51800	0
51901.1	51900	0
52006	52000	1114960
52101	52100	564720
52200	52200	593680
52300.1	52300	587888
52401	52400	599472
52500	52500	535760
52603	52600	605264
52700	52700	521280
52800	52800	473496
52900	52900	172312
53000.2	53000	273672
53101.1	53100	647256
53200	53200	0
53300.1	53300	13032
53400	53400	139008
53500	53500	457568
53600.1	53600	0
53700	53700	492320
53800.1	53800	52128
53901.1	53900	598024
54000	54000	1546464
54100	54100	380824
54201.1	54200	383720
54300.1	54300	388064
54400	54400	379376
54508	54500	356208
54604	54600	382272
54720	54700	463360
54821.1	54800	291048
54900.1	54900	211408
55002.2	55000	0
55100.1	55100	0
55201	55200	524176
55300.2	55300	269328
55400.3	55400	2896
55504.1	55500	1209080
55602.1	55600	506800
55700.1	55700	440192
55800	55800	501008
55906.1	55900	425712
56001.1	56000	495216
56100.1	56100	564720
56200	56200	553136
56300	56300	560376
56400.1	56400	590784
56501.1	56500	596576
56600.1	56600	592232
56701.2	56700	611056
56800.3	56800	596576
56900.2	56900	595128
57001.1	57000	613952
57100.1	57100	599472
57200.1	57200	605264
57300.1	57300	584992
57400	57400	609608
57501.1	57500	605264
57600.1	57600	596576
57700.1	57700	589336
57801.1	57800	613952
57900.1	57900	596576
58000.1	58000	602368
58100	58100	598024
58201.1	58200	605264
58300.1	58300	605264
58400.1	58400	599472
58500.1	58500	595128
58600.1	58600	602368
58700.1	58700	602368
58800.1	58800	560376
58900.2	58900	30408
59001.1	59000	1211976
59100.2	59100	599472
59201.1	59200	602368
59300.2	59300	592232
59401.2	59400	618296
59500.1	59500	590784
59601.2	59600	606712
59700.1	59700	596576
59801.1	59800	595128
59900.2	59900	608160
60000.1	60000	602368
60101.3	60100	595128
60215.2	60200	696488
60300.3	60300	330144
60411.2	60400	828256
60505.1	60500	453224
60600.3	60600	211408
60700.2	60700	0
60800.3	60800	0
60900.1	60900	0
61000.2	61000	818120
61100.2	61100	1161296
61200.2	61200	615400
61301.2	61300	596576
61400.2	61400	593680
61500.1	61500	606712
61600.2	61600	598024
61700.1	61700	605264
61800.2	61800	599472
61900.1	61900	602368
62009.2	62000	640016
62102.2	62100	540104
62200.1	62200	599472
62300.1	62300	563272
62401.1	62400	592232
62500.2	62500	598024
62601.2	62600	574856
62700.2	62700	587888
62800.2	62800	603816
62901.3	62900	529968
63002.2	63000	596576
63100.2	63100	599472
63201.2	63200	557480
63301.3	63300	535760
63400.2	63400	596576
63507.2	63500	212856
63600.1	63600	482184
63701.3	63700	589336
63800.3	63800	574856
63906.2	63900	399648
64042.3	64000	5792
64116.3	64100	7240
64220.2	64200	8688
64300.2	64300	328696
64400.3	64400	609608
64500.3	64500	493768
64600.2	64600	603816
64701.4	64700	609608
64800.2	64800	567616
64901.3	64900	593680
65001.4	65000	600920
65101.3	65100	599472
65200.3	65200	605264
65301.3	65300	602368
65400.3	65400	599472
65500.3	65500	603816
65600.3	65600	596576
65700.3	65700	598024
65800.3	65800	600920
65900.2	65900	600920
66020.2	66000	721104
66110.3	66100	545896
66215.3	66200	527072
66308.2	66300	567616
66426.3	66400	792056
66516.3	66500	534312
66606.3	66600	545896
66725.3	66700	616848
66800.3	66800	195480
66900.4	66900	121632
67000.3	67000	828256
67100.4	67100	95568
67200.3	67200	0
67300.3	67300	860112
67400.3	67400	188240
67500.4	67500	21720
67600.2	67600	0
67701.3	67700	0
67800.3	67800	236024
67900.3	67900	0
68009.4	68000	73848
68103.3	68100	1823032
68200.4	68200	363448
68300.3	68300	448880
68401.3	68400	589336
68500.4	68500	448880
68601.9	68600	466256
68700.4	68700	519832
68801.3	68800	531416
68900.4	68900	545896
69000.4	69000	576304
69101.5	69100	566168
69200.3	69200	608160
69300.3	69300	595128
69400.4	69400	595128
69500.3	69500	605264
69601.4	69600	608160
69700.3	69700	593680
69801.3	69800	602368
69901.4	69900	438744
70000.3	70000	603816
70261.4	70100	97016
70261.4	70200	0
70300.4	70300	0
70400.4	70400	205616
70500.3	70500	0
70600.4	70600	0
70700.5	70700	39096
70801.3	70800	0
70901.4	70900	0
71000.4	71000	88328
71101.4	71100	0
71375.6	71200	0
71375.8	71300	0
71584.5	71400	0
71586.5	71500	0
71600.6	71600	377928
71702.5	71700	0
71914.5	71800	0
71914.7	71900	0
72121.5	72000	0
72122.4	72100	0
72200.5	72200	748616
72301.4	72300	320008
72402.5	72400	41992
72500.4	72500	0
72600.4	72600	50680
72700.4	72700	201272
72801.3	72800	593680
72900.4	72900	163624
73000.5	73000	165072
73100.4	73100	167968
73200.4	73200	172312
73300.3	73300	182448
73401.4	73400	183896
73501.4	73500	182448
73600.4	73600	191136
73700.4	73700	192584
73800.4	73800	208512
73900.4	73900	204168
74002.5	74000	211408
74100.4	74100	217200
74200.4	74200	231680
74301.4	74300	256296
74400.4	74400	251952
74501.5	74500	247608
74600.4	74600	269328
74701.5	74700	250504
74803.4	74800	276568
74901.5	74900	262088
75000.5	75000	267880
75101.5	75100	211408
75200.5	75200	69504
75300.4	75300	0
75400.4	75400	0
75501.6	75500	267880
75600.5	75600	0
75701.5	75700	626984
75800.5	75800	11584
75901.5	75900	78192
76001.5	76000	5792
76100.4	76100	0
76356.5	76200	0
76356.7	76300	0
76564.6	76400	0
76565.5	76500	0
76607.6	76600	0
78574.6	76700	328696
78641.5	76800	0
78641.7	76900	0
78641.7	77000	0
78641.7	77100	0
78644.5	77200	0
78644.6	77300	0
78644.6	77400	0
78646.6	77500	0
78646.7	77600	0
78646.7	77700	0
78706.6	77800	340280
78707	77900	0
78707	78000	0
78707.6	78100	0
78707.7	78200	24616
78709.6	78300	5792
78709.7	78400	2896
78709.7	78500	15928
78711.8	78600	0
78711.8	78700	2896
78800.6	78800	220096
78901.6	78900	192584
79029.6	79000	60816
79121.6	79100	8688
79225.6	79200	8688
79301.6	79300	124528
79400.5	79400	165072
79501.6	79500	21720
