0	0	1
131.047	100	15928
235.035	200	34752
338.022	300	15928
402.178	400	39096
500.076	500	179552
600.954	600	262088
700.998	700	315664
804.016	800	370688
900.087	900	0
1005.99	1000	619744
1100.06	1100	225888
1200	1200	207064
1300	1300	638568
1400.01	1400	409784
1612.96	1500	27512
1613.95	1600	0
1701.02	1700	343176
1803.97	1800	182448
1903.05	1900	214304
2004.97	2000	191136
2100.11	2100	199824
2202.02	2200	214304
2300	2300	202720
2401.16	2400	214304
2503.01	2500	231680
2602.98	2600	225888
2701.01	2700	205616
2801.45	2800	249056
2906.97	2900	234576
3002.03	3000	228784
3101	3100	257744
3209.11	3200	228784
3300	3300	260640
3400.05	3400	227336
3500.02	3500	224440
3600.06	3600	288152
3700.01	3700	249056
3800.01	3800	263536
3908.03	3900	254848
4002.05	4000	280912
4102.03	4100	260640
4200.05	4200	243264
4303.04	4300	286704
4401.11	4400	276568
4507.08	4500	269328
4601.05	4600	264984
4700.04	4700	282360
4800.04	4800	291048
4901.2	4900	263536
5004.12	5000	301184
5104.05	5100	306976
5208.04	5200	292496
5307.07	5300	295392
5403.08	5400	280912
5500.07	5500	308424
5601.09	5600	308424
5700.02	5700	308424
5800.11	5800	306976
5900.03	5900	315664
6000.02	6000	295392
6100.07	6100	314216
6206.11	6200	344624
6309.09	6300	312768
6400.14	6400	305528
6500.13	6500	335936
6601.17	6600	327248
6700.12	6700	318560
6801.09	6800	343176
6900.1	6900	333040
7000.13	7000	327248
7101.08	7100	309872
7201.08	7200	337384
7300.06	7300	334488
7400.18	7400	360552
7506.09	7500	327248
7600.19	7600	347520
7700.1	7700	322904
7801.14	7800	344624
7901.14	7900	327248
8000.11	8000	306976
8100.06	8100	362000
8208.15	8200	320008
8301.12	8300	311320
8400.16	8400	322904
8501.1	8500	333040
8600.12	8600	347520
8701.24	8700	301184
8807.14	8800	335936
8901.21	8900	318560
9003.24	9000	335936
9101.24	9100	325800
9200.2	9200	306976
9301.2	9300	312768
9400.19	9400	333040
9507.18	9500	311320
9600.15	9600	337384
9700.14	9700	314216
9800.15	9800	321456
9909.18	9900	333040
10001.2	10000	304080
10100.2	10100	324352
10205.2	10200	304080
10331.1	10300	353312
10421.2	10400	282360
10510.2	10500	228784
10630.2	10600	360552
10720.2	10700	256296
10809.2	10800	273672
10904.2	10900	247608
11007.3	11000	291048
11106.3	11100	114392
11203.3	11200	415576
11303.3	11300	218648
11408.2	11400	240368
11502.2	11500	215752
11607.3	11600	237472
11703.2	11700	202720
11800.5	11800	231680
11900.2	11900	256296
12003.2	12000	228784
12103.2	12100	253400
12206.1	12200	259192
12301.3	12300	244712
12400.1	12400	238920
12501.3	12500	257744
12600.2	12600	233128
12706.2	12700	257744
12807.2	12800	244712
12900.2	12900	241816
13006.1	13000	285256
13103.2	13100	253400
13200.1	13200	260640
13305.3	13300	279464
13400.3	13400	264984
13502.2	13500	238920
13601.3	13600	283808
13700.2	13700	264984
13800.2	13800	251952
13901.3	13900	270776
14001.2	14000	292496
14100.3	14100	275120
14200.2	14200	253400
14300.2	14300	276568
14400.2	14400	218648
14500.2	14500	269328
14609.2	14600	263536
14700.3	14700	220096
14801.2	14800	249056
14900.3	14900	250504
15000.2	15000	247608
15107.3	15100	263536
15200.3	15200	233128
15304.3	15300	266432
15415.3	15400	279464
15504.2	15500	196928
15625.3	15600	308424
15714.3	15700	227336
15800.2	15800	201272
15900.3	15900	237472
16000.2	16000	257744
16106.4	16100	236024
16201.3	16200	249056
16301.2	16300	220096
16400.3	16400	241816
16500.4	16500	163624
16600.2	16600	82536
16700.3	16700	379376
16800.2	16800	173760
16900.3	16900	176656
17006.2	17000	159280
17100.3	17100	183896
17202.2	17200	195480
17311.3	17300	194032
17404.3	17400	191136
17503.3	17500	183896
17600.3	17600	198376
17702.5	17700	201272
17800.2	17800	194032
17903.4	17900	204168
18000.4	18000	211408
18101.2	18100	214304
18200.3	18200	201272
18309.3	18300	205616
18401.3	18400	201272
18501.2	18500	191136
18601.3	18600	198376
18702.3	18700	205616
18808.4	18800	192584
18902.3	18900	196928
19000.4	19000	207064
19101.3	19100	198376
19200.3	19200	205616
19301.3	19300	202720
19411.4	19400	192584
19500.4	19500	183896
19600.4	19600	198376
19700.4	19700	207064
19803.3	19800	198376
19901.3	19900	215752
20000.4	20000	205616
20100.4	20100	208512
20200.3	20200	188240
20301.3	20300	204168
20408.3	20400	198376
20623.6	20500	36200
20623.7	20600	0
20920.5	20700	1448
20920.7	20800	0
20920.7	20900	0
21003.4	21000	280912
21101.4	21100	102808
21201.3	21200	131768
21307.4	21300	153488
21401.4	21400	123080
21500.4	21500	146248
21612.4	21600	141904
21704.4	21700	134664
21803.3	21800	147696
22018.5	21900	18824
22018.6	22000	0
22101.5	22100	137560
22222.6	22200	92672
22302.4	22300	62264
22402.4	22400	89776
22501.4	22500	85432
22601.4	22600	76744
22710.4	22700	112944
22800.3	22800	91224
23024.4	22900	5792
23024.5	23000	0
23228.5	23100	0
23228.6	23200	0
23304.4	23300	102808
23423.4	23400	62264
23500.4	23500	43440
23617.4	23600	73848
23713.4	23700	62264
23801.3	23800	52128
23910.4	23900	65160
24001.4	24000	63712
24105.4	24100	83984
24355.5	24200	36200
24355.6	24300	0
24419.5	24400	1448
24500.4	24500	88328
24621.4	24600	50680
24853.5	24700	14480
24853.6	24800	0
24915.4	24900	0
25034.4	25000	60816
25118.4	25100	20272
25204.5	25200	23168
25312.4	25300	41992
25401.4	25400	30408
25506.5	25500	46336
25784.5	25600	26064
25784.6	25700	0
25850.4	25800	1448
25915.5	25900	43440
26181.5	26000	13032
26181.6	26100	0
26257.5	26200	0
26321.5	26300	27512
26459.4	26400	23168
26513.4	26500	10136
26614.6	26600	1448
26727.6	26700	0
26801.5	26800	18824
26922.5	26900	11584
27033.5	27000	20272
27125.5	27100	14480
27330.6	27200	0
27330.7	27300	0
27415.5	27400	21720
27527.5	27500	10136
27600.5	27600	14480
27878.5	27700	14480
27878.6	27800	0
27942.6	27900	0
28006.6	28000	20272
28144.5	28100	15928
28214.5	28200	11584
28334.5	28300	21720
28418.5	28400	15928
28527.6	28500	26064
28612.5	28600	18824
28886.6	28700	20272
28886.6	28800	0
29091.7	28900	0
29091.8	29000	0
29156.5	29100	5792
29222.6	29200	23168
29300.5	29300	18824
29409.5	29400	17376
29501.5	29500	26064
29616.6	29600	27512
29711.6	29700	23168
29820.5	29800	40544
29907.5	29900	26064
30009.5	30000	26064
30190.6	30100	0
30263.6	30200	0
30528.5	30300	34752
30529.5	30400	0
30529.5	30500	0
30658.6	30600	21720
30723.5	30700	8688
30990.6	30800	8688
30990.7	30900	0
31194.7	31000	0
31195.6	31100	0
31261.6	31200	7240
31326.5	31300	10136
31457.6	31400	17376
31504.5	31500	7240
31604.6	31600	17376
31700.5	31700	17376
31803.6	31800	26064
31909.5	31900	23168
32001.5	32000	31856
32269.6	32100	11584
32269.7	32200	0
32474.6	32300	0
32474.7	32400	0
32539.6	32500	10136
32604.6	32600	20272
32871.7	32700	10136
32871.8	32800	0
32915.6	32900	0
33009.6	33000	20272
33349.7	33100	13032
33349.8	33200	0
33349.8	33300	0
33415.6	33400	0
33544.6	33500	21720
33610.6	33600	7240
33723.6	33700	14480
33818.6	33800	17376
33900.6	33900	15928
34035.7	34000	17376
34102.6	34100	15928
34242.6	34200	33304
34450.7	34300	4344
34450.8	34400	0
34515.6	34500	0
34653.7	34600	40544
34708.7	34700	11584
34828.7	34800	27512
34961.6	34900	17376
35003.6	35000	11584
35100.7	35100	26064
35213.6	35200	21720
35374.6	35300	0
35641.8	35400	0
35641.9	35500	21720
35847.8	35600	0
35847.9	35700	0
35847.9	35800	0
35913.7	35900	2896
36062.7	36000	20272
36129.7	36100	5792
36203.7	36200	8688
36341.7	36300	17376
36407.7	36400	11584
36648.7	36500	2896
36648.7	36600	0
36713.7	36700	1448
37025.7	36800	20272
37025.7	36900	0
37025.8	37000	0
37156.8	37100	11584
37221.7	37200	2896
37350.7	37300	8688
37425.7	37400	5792
37558.7	37500	15928
37604.6	37600	7240
37700.7	37700	15928
37808.7	37800	20272
38041.7	37900	10136
38041.8	38000	0
38309.8	38100	1448
38309.9	38200	14480
38310	38300	0
38781.8	38400	0
38846.7	38500	4344
38848.6	38600	1448
38848.7	38700	0
38911.8	38800	0
38977.8	38900	1448
39044.1	39000	7240
39109.7	39100	2896
39240.7	39200	10136
39308.8	39300	8688
39423.8	39400	14480
39617.8	39500	0
39618.8	39600	0
39711.8	39700	17376
39822.8	39800	8688
39939.8	39900	15928
40005.8	40000	11584
40104.8	40100	17376
40564.8	40200	7240
40564.9	40300	0
40564.9	40400	0
40565	40500	0
40629.9	40600	1448
40700.7	40700	26064
40832.8	40800	18824
40902.7	40900	11584
41165.8	41000	4344
41165.9	41100	0
41368.9	41200	0
41369	41300	0
41436.8	41400	20272
41501.7	41500	7240
41643.8	41600	20272
41852.8	41700	1448
41852.9	41800	0
41917.9	41900	0
42047.8	42000	23168
42114.8	42100	8688
42328.9	42200	1448
42329	42300	0
42533.8	42400	0
42533.9	42500	0
42600.9	42600	15928
42727.9	42700	7240
42803.8	42800	14480
42909.8	42900	10136
43007.8	43000	14480
43214.8	43100	2896
43215.9	43200	0
43309.9	43300	17376
43410.8	43400	8688
43676.8	43500	7240
43677.8	43600	0
43751.9	43700	0
43816.8	43800	15928
43900.8	43900	10136
44012.8	44000	13032
44105.9	44100	13032
