0	0	1
144.988	100	15928
211.007	200	27512
311.018	300	44888
401.083	400	94120
506.029	500	127424
604.102	600	62264
702.008	700	75296
866.162	800	159280
901.085	900	41992
1006.16	1000	10136
1102.04	1100	118736
1208.07	1200	293944
1305.16	1300	105704
1401.03	1400	0
1511.01	1500	341728
1600.03	1600	115840
1701.03	1700	11584
1801.04	1800	275120
1907.01	1900	156384
2010.07	2000	153488
2101.08	2100	170864
2200.99	2200	176656
2311.06	2300	188240
2549.05	2400	36200
2549.12	2500	0
2753.06	2600	0
2755.09	2700	0
2826.06	2800	28960
2904.02	2900	105704
3002.06	3000	0
3101.02	3100	207064
3201.35	3200	56472
3300.04	3300	40544
3400.01	3400	160728
3501.02	3500	83984
3602.05	3600	89776
3701.05	3700	78192
3802.13	3800	86880
3901.03	3900	83984
4000.08	4000	8688
4101.08	4100	102808
4200.02	4200	141904
4306.07	4300	92672
4404.25	4400	70952
4500.19	4500	0
4601.07	4600	181000
4712.08	4700	94120
4804.1	4800	72400
4902.09	4900	56472
5001.09	5000	33304
5100.06	5100	169416
5202.1	5200	81088
5303.08	5300	89776
5406.2	5400	36200
5500.07	5500	131768
5602.1	5600	82536
5701.09	5700	83984
5802.2	5800	89776
5903.1	5900	21720
6001.06	6000	181000
6107.07	6100	141904
6204.08	6200	136112
6303.14	6300	153488
6404.15	6400	165072
6501.1	6500	165072
6601.16	6600	150592
6712.1	6700	191136
6802.18	6800	141904
6905.2	6900	185344
7003.14	7000	159280
7106.13	7100	165072
7205.13	7200	159280
7308.16	7300	173760
7401.13	7400	156384
7500.18	7500	170864
7600.12	7600	153488
7701.39	7700	170864
7803.09	7800	170864
7900.49	7900	50680
8001.13	8000	273672
8104.15	8100	167968
8200.57	8200	170864
8300.34	8300	159280
8401.22	8400	167968
8500.11	8500	165072
8600.15	8600	165072
8701.22	8700	167968
8801.18	8800	165072
8907.18	8900	165072
9001.16	9000	136112
9101.15	9100	211408
9201.17	9200	165072
9300.13	9300	165072
9400.14	9400	124528
9501.16	9500	99912
9600.16	9600	299736
9909.26	9700	246160
9909.31	9800	0
9909.33	9900	0
10115.2	10000	0
10118.2	10100	0
10206.3	10200	102808
10302.2	10300	194032
10400.2	10400	237472
10506.3	10500	251952
10601.2	10600	249056
10701.2	10700	246160
10802.2	10800	254848
10905.2	10900	278016
11007.2	11000	231680
11105.2	11100	295392
11209.2	11200	241816
11326.3	11300	291048
11422.3	11400	244712
11500.2	11500	154936
11601.2	11600	141904
11700.2	11700	395304
11948.2	11800	102808
11950.2	11900	0
12000.3	12000	0
12102.2	12100	456120
12200.4	12200	275120
12301.3	12300	269328
12400.2	12400	266432
12501.3	12500	272224
12600.2	12600	266432
12700.2	12700	269328
12802.2	12800	275120
12900.2	12900	263536
13001.2	13000	275120
13101.2	13100	272224
13200.2	13200	246160
13303.3	13300	170864
13401.2	13400	335936
13500.2	13500	240368
13600.2	13600	263536
13703.3	13700	269328
13801.2	13800	272224
13900.2	13900	266432
14000.3	14000	266432
14103.3	14100	272224
14201.3	14200	272224
14300.2	14300	272224
14400.2	14400	263536
14503.4	14500	269328
14607.3	14600	306976
14701.2	14700	260640
14801.3	14800	263536
14900.3	14900	170864
15000.2	15000	372136
15100.2	15100	269328
15201.3	15200	269328
15300.3	15300	269328
15400.2	15400	272224
15500.2	15500	269328
15600.2	15600	269328
15701.5	15700	272224
15800.3	15800	263536
15901.3	15900	275120
16000.3	16000	269328
16102.4	16100	199824
16202.4	16200	224440
16300.4	16300	366344
16400.4	16400	246160
16502.4	16500	260640
16609.4	16600	296840
16702.3	16700	272224
16828.3	16800	270776
16900.3	16900	14480
17000.3	17000	214304
17100.4	17100	351864
17201.7	17200	50680
17300.3	17300	363448
17401.3	17400	120184
17500.3	17500	136112
17600.3	17600	360552
17700.3	17700	205616
17800.3	17800	208512
17901.3	17900	211408
18002.4	18000	202720
18100.3	18100	208512
18200.3	18200	205616
18300.3	18300	205616
18400.4	18400	33304
18501.4	18500	380824
18602.4	18600	211408
18701.3	18700	202720
18801.3	18800	202720
18901.3	18900	211408
19001.3	19000	205616
19101.3	19100	208512
19200.3	19200	205616
19301.4	19300	170864
19400.4	19400	125976
19500.3	19500	321456
19600.3	19600	202720
19701.4	19700	211408
19801.5	19800	208512
19901.4	19900	205616
20001.3	20000	205616
20100.4	20100	202720
20200.4	20200	214304
20301.4	20300	98464
20400.4	20400	111496
20500.8	20500	492320
20601.5	20600	266432
20704.2	20700	275120
20800.4	20800	263536
20900.4	20900	266432
21000.4	21000	275120
21100.4	21100	269328
21201.4	21200	266432
21300.4	21300	272224
21400.4	21400	269328
21500.3	21500	272224
21620.5	21600	320008
21724.4	21700	259192
21811.4	21800	244712
21904.4	21900	241816
22001.4	22000	266432
22101.4	22100	272224
22204.4	22200	272224
22301.5	22300	260640
22401.4	22400	272224
22502.5	22500	189688
22600.4	22600	62264
22703.6	22700	566168
22801.5	22800	234576
22903.5	22900	292496
23001.4	23000	269328
23104.4	23100	266432
23205.4	23200	278016
23302.5	23300	260640
23403.4	23400	260640
23503.5	23500	266432
23602.5	23600	283808
23703.5	23700	275120
23800.5	23800	260640
23901.6	23900	26064
24000.4	24000	493768
24100.5	24100	0
24201.5	24200	414128
24300.5	24300	127424
24401.5	24400	95568
24500.5	24500	393856
24600.5	24600	208512
24700.4	24700	205616
24800.6	24800	205616
24901.5	24900	208512
25000.5	25000	208512
25100.5	25100	75296
25200.6	25200	140456
25300.5	25300	405440
25401.7	25400	205616
25501.5	25500	205616
25601.6	25600	208512
25700.6	25700	202720
25800.6	25800	208512
25901.5	25900	208512
26000.5	26000	199824
26100.5	26100	2896
26401.6	26200	406888
26401.6	26300	0
26404.6	26400	0
26605.7	26500	0
26605.8	26600	0
26701.7	26700	97016
26815.6	26800	395304
26901.5	26900	165072
27007.5	27000	208512
27101.6	27100	202720
27201.6	27200	205616
27301.7	27300	205616
27400.6	27400	211408
27501.5	27500	205616
27600.5	27600	225888
27700.5	27700	269328
27801.6	27800	275120
27900.5	27900	269328
28000.5	28000	263536
28100.6	28100	272224
28200.6	28200	272224
28300.5	28300	263536
28400.6	28400	272224
28501.6	28500	275120
28601.7	28600	266432
28700.6	28700	272224
28802.7	28800	266432
28900.6	28900	269328
29001.6	29000	275120
29101.6	29100	269328
29201.6	29200	263536
29300.7	29300	272224
