0	0	1
298.972	100	5792
299.065	200	0
300.881	300	0
427.917	400	27512
695.92	500	13032
697.094	600	0
717.893	700	0
827.952	800	26064
900.858	900	18824
1164.94	1000	5792
1165.01	1100	0
1231.91	1200	0
1301.95	1300	27512
1639	1400	15928
1639.07	1500	0
1639.12	1600	0
1705.95	1700	0
1845.19	1800	28960
2108.98	1900	5792
2109.05	2000	0
2110.06	2100	0
2249.97	2200	15928
2313.97	2300	7240
2521.96	2400	0
2522.03	2500	0
2727.05	2600	0
2727.15	2700	0
2856.97	2800	15928
2921.97	2900	5792
3052.96	3000	17376
3125.95	3100	11584
3207.93	3200	11584
3322.95	3300	13032
3406.93	3400	20272
3525.07	3500	14480
3605.95	3600	18824
3711	3700	17376
3803.05	3800	24616
3914.95	3900	23168
4004.06	4000	20272
4112.96	4100	30408
4230.03	4200	26064
4303.96	4300	24616
4514.16	4400	1448
4514.26	4500	0
4791.02	4600	23168
4791.13	4700	0
4994.09	4800	0
4994.2	4900	0
5060.1	5000	10136
5123.98	5100	13032
5236.01	5200	21720
5300.96	5300	13032
5405.06	5400	18824
5500.97	5500	23168
5618.96	5600	23168
5714.98	5700	26064
5960	5800	5792
5961.13	5900	0
6026.05	6000	0
6100.98	6100	44888
6206.23	6200	14480
6300.04	6300	28960
6433.03	6400	20272
6500.98	6500	20272
6638.02	6600	31856
6852.19	6700	5792
6852.24	6800	0
6917.02	6900	0
7049.01	7000	49232
7114.03	7100	15928
7208.01	7200	28960
7316.11	7300	20272
7419.09	7400	26064
7511.03	7500	26064
7612.04	7600	24616
7885.06	7700	17376
7886.03	7800	0
7952.08	7900	1448
8016.09	8000	34752
8131.08	8100	31856
8204.18	8200	17376
8303.08	8300	33304
8411.14	8400	18824
8508.06	8500	26064
8609.32	8600	33304
8709.05	8700	26064
8810.08	8800	33304
8902.02	8900	34752
9002.08	9000	34752
9131.04	9100	49232
9206.01	9200	23168
9489.11	9300	41992
9489.19	9400	0
9562.15	9500	1448
9627.06	9600	46336
9710.07	9700	26064
9830.06	9800	44888
9903.07	9900	24616
10001	10000	47784
10110.1	10100	31856
10203.1	10200	46336
10310.1	10300	34752
10403.1	10400	47784
10510.1	10500	37648
10605.1	10600	53576
10713.1	10700	40544
10800.2	10800	53576
10920.2	10900	49232
11001.1	11000	44888
11120.1	11100	63712
11200.1	11200	40544
11314.1	11300	72400
11401.1	11400	44888
11512.1	11500	76744
11614.2	11600	46336
11702.1	11700	62264
11816.1	11800	66608
11909.2	11900	55024
12002.2	12000	72400
12101.1	12100	60816
12214.1	12200	83984
12304.1	12300	63712
12406.1	12400	69504
12508.2	12500	85432
12608.2	12600	70952
12707.1	12700	81088
12801.2	12800	81088
12903.1	12900	75296
13006	13000	83984
13100.2	13100	82536
13209.2	13200	85432
13301.1	13300	89776
13404.2	13400	83984
13511.2	13500	70952
13600.1	13600	97016
13703.2	13700	85432
13804.1	13800	94120
13900.1	13900	104256
14001.1	14000	98464
14107.3	14100	82536
14200.1	14200	112944
14311.2	14300	98464
14403.1	14400	107152
14504.2	14500	110048
14602.1	14600	107152
14700.2	14700	121632
14801.1	14800	94120
14901.2	14900	121632
15005.2	15000	102808
15100.4	15100	110048
15315.2	15200	13032
15317.2	15300	0
15401.2	15400	118736
15515.3	15500	66608
15600.2	15600	75296
15716.2	15700	101360
15802.2	15800	69504
15904.2	15900	98464
16006.2	16000	104256
16101.2	16100	97016
16213.3	16200	107152
16301.2	16300	92672
16402.2	16400	110048
16501.2	16500	104256
16600.2	16600	110048
16700.2	16700	104256
16800.2	16800	123080
16903.2	16900	99912
17009.3	17000	130320
17100.2	17100	110048
17204.2	17200	107152
17301.2	17300	124528
17401.2	17400	105704
17500.2	17500	125976
17612.2	17600	112944
17705.2	17700	136112
17811.3	17800	104256
17900.2	17900	114392
18002.3	18000	127424
18102.2	18100	139008
18201.2	18200	121632
18305.3	18300	131768
18417.2	18400	134664
18514.3	18500	91224
18604.3	18600	127424
18701.3	18700	120184
18800.2	18800	144800
18900.4	18900	137560
19000.2	19000	136112
19100.3	19100	147696
19202.3	19200	139008
19305.3	19300	139008
19400.2	19400	166520
19507.3	19500	133216
19600.3	19600	141904
19700.2	19700	152040
19800.3	19800	144800
19900.2	19900	162176
20001.3	20000	169416
20101.3	20100	147696
20206.4	20200	154936
20302.3	20300	175208
20407.3	20400	146248
20500.2	20500	157832
20608.3	20600	178104
20700.3	20700	154936
20800.3	20800	178104
20908.3	20900	160728
21001.4	21000	120184
21100.3	21100	182448
21202.3	21200	175208
21303.4	21300	157832
21401.3	21400	199824
21500.4	21500	165072
21602.3	21600	172312
21700.3	21700	204168
21800.3	21800	146248
21906.3	21900	202720
22003.3	22000	179552
22101.8	22100	178104
22200.3	22200	211408
22301.3	22300	182448
22400.3	22400	198376
22501.4	22500	185344
22601.4	22600	185344
22700.4	22700	220096
22814.4	22800	191136
22907.3	22900	192584
23001.4	23000	218648
23100.3	23100	176656
23201.3	23200	205616
23304.3	23300	195480
23422.4	23400	264984
23531.7	23500	146248
23630.3	23600	160728
23700.3	23700	104256
23801.3	23800	234576
23900.3	23900	189688
24000.6	24000	205616
24100.4	24100	231680
24200.4	24200	222992
24301.3	24300	243264
24405.8	24400	234576
24502.3	24500	236024
24601.4	24600	263536
24702.4	24700	238920
24800.4	24800	278016
24900.4	24900	267880
25001.3	25000	280912
25103.5	25100	295392
25200.4	25200	304080
25300.3	25300	282360
25400.3	25400	296840
25503.4	25500	306976
25601.6	25600	306976
25700.4	25700	292496
25801.3	25800	338832
25900.4	25900	321456
26001.4	26000	308424
26100.4	26100	335936
26204.4	26200	311320
26300.5	26300	346072
26400.3	26400	341728
26501.4	26500	312768
26600.3	26600	359104
26702.4	26700	298288
26807.5	26800	348968
26900.4	26900	322904
27000.5	27000	275120
27100.1	27100	0
27200.4	27200	699384
27300.5	27300	286704
27401.5	27400	353312
27507.5	27500	320008
27605.5	27600	324352
27707.4	27700	315664
27800.4	27800	322904
27900.4	27900	350416
28001.4	28000	321456
28100.5	28100	298288
28200.4	28200	360552
28300.4	28300	341728
28400.5	28400	354760
28520.5	28500	351864
28606.4	28600	331592
28727.4	28700	372136
28800.5	28800	249056
28901.5	28900	318560
29000.4	29000	377928
29101.5	29100	340280
29205.4	29200	347520
29304.4	29300	327248
29400.5	29400	338832
29502.5	29500	350416
29600.5	29600	362000
29700.4	29700	327248
29801.5	29800	350416
29901.5	29900	309872
30000.5	30000	218648
30100.5	30100	461912
30200.5	30200	356208
30300.5	30300	318560
30400.4	30400	347520
30500.4	30500	341728
30600.4	30600	362000
30700.5	30700	330144
30800.5	30800	367792
30900.5	30900	347520
31001.4	31000	312768
31100.5	31100	356208
31200.4	31200	353312
31300.4	31300	333040
31400.5	31400	344624
31503.5	31500	353312
31600.6	31600	370688
31701.5	31700	341728
31800.5	31800	350416
31900.6	31900	353312
32000.4	32000	356208
32102.5	32100	312768
32201.5	32200	356208
32302.6	32300	353312
32400.5	32400	373584
32500.6	32500	347520
32601.5	32600	356208
32701.6	32700	370688
32801.5	32800	335936
32900.6	32900	364896
33000.6	33000	385168
33100.6	33100	350416
33202.9	33200	344624
33300.6	33300	356208
33401.6	33400	385168
33515.1	33500	335936
33612.5	33600	431504
33707.5	33700	304080
33807.5	33800	286704
33927.6	33900	354760
34000.5	34000	259192
34106.6	34100	292496
34203.6	34200	334488
34497.5	34300	334488
34499.5	34400	0
34502.5	34500	0
34601.6	34600	385168
34700.6	34700	325800
34801.5	34800	311320
34900.5	34900	308424
35000.6	35000	328696
35100.7	35100	328696
35203.6	35200	321456
35300.6	35300	356208
35404.6	35400	325800
35501.6	35500	366344
35600.6	35600	321456
35700.6	35700	392408
35800.6	35800	322904
35902.6	35900	377928
36007.6	36000	373584
36100.5	36100	360552
36200.5	36200	357656
36300.6	36300	354760
36400.5	36400	380824
36508.6	36500	360552
36600.6	36600	376480
36700.6	36700	376480
36800.6	36800	380824
36900.6	36900	353312
37000.7	37000	369240
37100.5	37100	372136
37200.6	37200	360552
37300.6	37300	376480
37400.5	37400	367792
37500.6	37500	364896
37600.7	37600	372136
37709.6	37700	398200
37807.6	37800	344624
37900.6	37900	366344
38001.6	38000	348968
38109.6	38100	408336
38200.6	38200	334488
38300.6	38300	380824
38406.6	38400	375032
38500.6	38500	351864
38605.8	38600	360552
38705.7	38700	241816
38800.7	38800	288152
38916.6	38900	408336
39007.7	39000	296840
39102.6	39100	299736
39210.7	39200	421368
39300.7	39300	338832
39409.6	39400	389512
39500.7	39500	335936
39600.6	39600	373584
39709.6	39700	385168
39800.6	39800	327248
39900.6	39900	372136
40000.6	40000	377928
40100.6	40100	354760
40200.6	40200	370688
40300.6	40300	354760
40400.7	40400	360552
40500.7	40500	373584
40600.6	40600	367792
40701	40700	354760
40806.6	40800	386616
40904.6	40900	340280
41162.7	41000	221544
41164.7	41100	0
41201	41200	0
41300.6	41300	501008
41402.7	41400	295392
41500.7	41500	343176
41601.8	41600	289600
41701.6	41700	325800
41800.7	41800	348968
41900.7	41900	325800
42000.6	42000	354760
42100.6	42100	279464
42201.8	42200	333040
42300.6	42300	385168
42402.7	42400	369240
42503.8	42500	367792
42600	42600	354760
42701.1	42700	369240
42800.6	42800	379376
42900.7	42900	373584
43003.7	43000	360552
43100.7	43100	388064
43200.7	43200	370688
43300.7	43300	363448
43405.7	43400	372136
43501.7	43500	366344
43620.7	43600	382272
43712.7	43700	301184
43819.7	43800	257744
43931.7	43900	341728
44026.8	44000	304080
44101.5	44100	244712
44205.7	44200	367792
44300.7	44300	366344
44402.7	44400	350416
44501.8	44500	375032
44802.8	44600	325800
44804.7	44700	0
44804.8	44800	0
44900.8	44900	380824
45000.7	45000	317112
45101.7	45100	322904
45201.7	45200	309872
45300.8	45300	299736
45401.8	45400	321456
45501.7	45500	314216
45600.7	45600	350416
45703.7	45700	325800
45802.7	45800	340280
45900.7	45900	311320
46000.8	46000	335936
46100	46100	366344
46203.8	46200	333040
46302.8	46300	341728
46407.8	46400	344624
46500.7	46500	331592
46601.8	46600	353312
46700.7	46700	347520
46800.8	46800	340280
46902.7	46900	360552
47000.8	47000	315664
47100.8	47100	337384
47200.7	47200	350416
47300.8	47300	346072
47403.8	47400	347520
47501.9	47500	348968
47600.8	47600	360552
47700.8	47700	363448
47805.9	47800	382272
47909.8	47900	363448
48000.9	48000	318560
48101.9	48100	376480
48202.8	48200	330144
48302.2	48300	372136
48401.8	48400	340280
48501.8	48500	363448
48613.8	48600	311320
48709.8	48700	317112
48805.8	48800	263536
48933.9	48900	302632
49022.8	49000	262088
49110.8	49100	279464
49200.8	49200	320008
49300.8	49300	359104
49400.8	49400	347520
49502.9	49500	370688
49600.9	49600	350416
49700.8	49700	354760
49800.9	49800	357656
49901	49900	360552
50009.8	50000	350416
50100.9	50100	343176
50200.9	50200	314216
50301.9	50300	380824
50400.8	50400	379376
50503.9	50500	333040
50605.9	50600	392408
50700.9	50700	347520
50801.8	50800	377928
50901	50900	348968
51134	51000	115840
51134.1	51100	0
51343	51200	0
51344.9	51300	0
51400	51400	0
51500.9	51500	512592
51600	51600	254848
51706.9	51700	324352
51802.9	51800	253400
51906.9	51900	298288
52002.9	52000	309872
52100.8	52100	317112
52200.9	52200	299736
