0	0	1
138.037	100	15928
346.109	200	13032
346.17	300	0
551.146	400	0
551.203	500	0
755.064	600	1448
755.11	700	5792
827.121	800	31856
1097.06	900	2896
1097.12	1000	0
1302.09	1100	0
1302.13	1200	0
1302.16	1300	0
1509.08	1400	0
1509.16	1500	0
1642.13	1600	53576
1849.21	1700	2896
1849.26	1800	0
1915.15	1900	0
2054.11	2000	27512
2127.1	2100	10136
2201.15	2200	11584
2341.06	2300	28960
2545.15	2400	2896
2545.18	2500	0
2609.08	2600	1448
2740.51	2700	33304
2805.05	2800	13032
2936.06	2900	26064
3000.04	3000	13032
3130.05	3100	33304
3200.1	3200	15928
3400.23	3300	0
3400.27	3400	0
3538.08	3500	30408
3603.11	3600	14480
3929.08	3700	26064
3929.12	3800	0
3929.16	3900	0
4003.1	4000	20272
4124.12	4100	18824
4205.16	4200	14480
4329.09	4300	27512
4402.13	4400	20272
4523.07	4500	31856
4793.12	4600	17376
4793.16	4700	0
4999.17	4800	0
4999.24	4900	0
5000.09	5000	0
5137.11	5100	37648
5204.12	5200	23168
5300.19	5300	41992
5406.14	5400	70952
5522.11	5500	66608
5607.09	5600	63712
5881.19	5700	65160
5881.22	5800	0
6085.19	5900	0
6085.25	6000	0
6149.13	6100	60816
6212.18	6200	60816
6302.14	6300	89776
6583.22	6400	94120
6585.17	6500	0
6600.16	6600	0
6700.08	6700	159280
6800.11	6800	99912
6902.16	6900	131768
7001.12	7000	134664
7101.11	7100	144800
7326.25	7200	30408
7326.31	7300	0
7530.3	7400	0
7530.36	7500	0
7738.16	7600	0
7740.15	7700	0
7802.19	7800	0
7900.21	7900	244712
8002.16	8000	82536
8113.14	8100	191136
8350.19	8200	59368
8351.14	8300	0
8559.29	8400	0
8560.17	8500	0
8623.2	8600	11584
8701.14	8700	205616
8802.18	8800	130320
8900.13	8900	141904
9175.22	9000	110048
9176.16	9100	0
9200.18	9200	0
9304.2	9300	205616
9400.19	9400	149144
9503.17	9500	152040
9756.27	9600	68056
9758.17	9700	0
9819.23	9800	0
9900.17	9900	257744
10000.2	10000	159280
10100.4	10100	157832
10310.2	10200	8688
10310.3	10300	0
10401.2	10400	181000
10676.3	10500	69504
10677.2	10600	0
10700.2	10700	0
10802.3	10800	208512
10902.3	10900	140456
11000.2	11000	153488
11104.2	11100	167968
11201.3	11200	172312
11331.2	11300	112944
11477.3	11400	0
11500.3	11500	0
11602.3	11600	230232
11700.2	11700	147696
11803.3	11800	176656
11900.3	11900	181000
12001.3	12000	179552
12211.3	12100	21720
12211.4	12200	0
12416.4	12300	0
12416.4	12400	0
12500.2	12500	133216
12600.2	12600	215752
12706.3	12700	166520
12805.4	12800	162176
13067.4	12900	118736
13067.5	13000	0
13142.3	13100	1448
13206.3	13200	238920
13305.9	13300	125976
13400.3	13400	208512
13501.3	13500	186792
13601.3	13600	192584
13700.3	13700	169416
13806.3	13800	218648
13903.4	13900	169416
14001.3	14000	189688
14106.4	14100	199824
14201.3	14200	201272
14308.3	14300	182448
14569.4	14400	73848
14569.5	14500	0
14777.3	14600	0
14778.3	14700	0
14800.4	14800	0
14901.3	14900	215752
15000.3	15000	276568
15293.3	15100	183896
15295.3	15200	0
15300.4	15300	0
15400.3	15400	237472
15500.3	15500	204168
15602.3	15600	225888
15703.7	15700	196928
15800.3	15800	238920
15900.3	15900	215752
16000.4	16000	215752
16102.3	16100	215752
16200.3	16200	228784
16300.3	16300	234576
16400.3	16400	205616
16500.3	16500	198376
16602.3	16600	218648
16701.3	16700	241816
16800.5	16800	218648
16902.4	16900	196928
17004.4	17000	204168
17100.3	17100	62264
17200.4	17200	366344
17300.3	17300	230232
17400.4	17400	240368
17502.3	17500	243264
17738.4	17600	66608
17738.5	17700	0
17801.3	17800	1448
17900.4	17900	421368
18000.3	18000	251952
18122.4	18100	237472
18201.4	18200	166520
18499.5	18300	170864
18499.5	18400	0
18501.3	18500	0
18601.2	18600	286704
18700.4	18700	185344
18805.3	18800	165072
18975.4	18900	0
19000.4	19000	0
19298.5	19100	311320
19301.4	19200	0
19302.4	19300	0
19400.4	19400	244712
19500.4	19500	202720
19600.4	19600	208512
19708.5	19700	182448
19800.4	19800	209960
19902.5	19900	244712
20004.5	20000	259192
20250.5	20100	121632
20252.4	20200	0
20300.4	20300	0
20400.4	20400	403992
20500.8	20500	257744
20600.5	20600	283808
20820.4	20700	40544
20821.4	20800	0
20900.4	20900	233128
21000.4	21000	254848
21106.4	21100	237472
21200.4	21200	254848
21307.4	21300	249056
21403.4	21400	162176
21607.5	21500	17376
21608.4	21600	0
21706.5	21700	247608
21808.5	21800	231680
21900.6	21900	221544
22155.5	22000	144800
22155.5	22100	0
22200.7	22200	0
22467.6	22300	320008
22469.5	22400	0
22500.6	22500	0
22611.4	22600	335936
22704.5	22700	205616
22800.5	22800	249056
22902.4	22900	211408
23126.6	23000	68056
23126.7	23100	0
23333.5	23200	0
23335.5	23300	0
23400.5	23400	118736
23500.5	23500	399648
23604.5	23600	253400
23701.5	23700	237472
23805.6	23800	269328
23901.5	23900	315664
24114.6	24000	17376
24116.6	24100	0
24200.5	24200	231680
24301.5	24300	225888
24400.5	24400	283808
24500.5	24500	286704
24603.4	24600	285256
24700.5	24700	275120
24800.4	24800	318560
24925.5	24900	260640
25090.5	25000	0
25100.5	25100	0
25293.5	25200	0
25300.5	25300	0
25402.5	25400	493768
25509.5	25500	346072
25601.5	25600	276568
25735.5	25700	250504
25899.5	25800	0
25901.5	25900	0
26001.5	26000	331592
26102.5	26100	324352
26201.6	26200	318560
26304.5	26300	344624
26405.7	26400	324352
26500.5	26500	269328
26601.6	26600	366344
26836.6	26700	92672
26837.6	26800	0
26900.5	26900	0
27000.5	27000	521280
27100.5	27100	324352
27200.5	27200	324352
27434.6	27300	78192
27436.5	27400	0
27633.7	27500	0
27633.7	27600	0
27700.6	27700	144800
27800.7	27800	447432
27900.5	27900	230232
28069.6	28000	0
28100.6	28100	0
28200.5	28200	453224
28300.6	28300	311320
28404.7	28400	280912
28513.7	28500	312768
28733.8	28600	55024
28733.8	28700	0
28804.6	28800	1448
28900.8	28900	529968
29186.7	29000	251952
29186.7	29100	0
29389.7	29200	0
29389.8	29300	0
29400.6	29400	0
29500.5	29500	398200
29600.6	29600	259192
29830.7	29700	72400
29830.7	29800	0
30033.6	29900	0
30035.5	30000	0
30106.6	30100	144800
30200.6	30200	454672
30319.6	30300	234576
30492.6	30400	0
30500.6	30500	0
30792.7	30600	272224
30794.6	30700	0
30800.6	30800	0
30900.6	30900	309872
31007.6	31000	185344
31100.8	31100	231680
31203.7	31200	234576
31488.6	31300	224440
31491.7	31400	0
31500.6	31500	0
31607.7	31600	296840
31700.7	31700	269328
31800.6	31800	266432
31900.6	31900	333040
32002.6	32000	311320
32100.6	32100	321456
32200.6	32200	211408
32439.7	32300	98464
32439.7	32400	0
32711.7	32500	0
32713.6	32600	0
32713.7	32700	0
32852.7	32800	480736
32900.8	32900	139008
33000.7	33000	289600
33101.7	33100	270776
33200.6	33200	296840
33303.7	33300	289600
33400.7	33400	330144
33500.7	33500	331592
33630.7	33600	299736
33700.6	33700	205616
33987.8	33800	289600
33987.9	33900	0
34194.8	34000	0
34196.8	34100	0
34200.7	34200	0
34303.7	34300	375032
34540.8	34400	120184
34541.7	34500	0
34604.8	34600	0
34700.7	34700	427160
34805.8	34800	247608
35059.7	34900	127424
35061.7	35000	0
35100.8	35100	0
35200.7	35200	340280
35305.7	35300	241816
35400.7	35400	262088
35612.7	35500	8688
35614.7	35600	0
35701.7	35700	257744
35800.7	35800	246160
35901.7	35900	283808
36114.8	36000	21720
36114.9	36100	0
36319.8	36200	0
36319.9	36300	0
36408.7	36400	321456
36500.8	36500	225888
36600.7	36600	302632
36701.8	36700	260640
36800.7	36800	312768
36900.7	36900	330144
37189.8	37000	289600
37191.7	37100	0
37201.7	37200	0
37304.9	37300	351864
37400.8	37400	295392
37500.7	37500	353312
37600.8	37600	317112
37700.7	37700	377928
37803.7	37800	341728
37901.8	37900	364896
38142.8	38000	125976
38142.9	38100	0
38347.8	38200	0
38349.7	38300	0
38400	38400	0
38519.7	38500	579200
38620.1	38600	266432
38712.7	38700	263536
38800	38800	238920
38900.7	38900	357656
39006.8	39000	341728
39225.8	39100	21720
39225.9	39200	0
39300	39300	0
39400.8	39400	651600
39500	39500	353312
39600.8	39600	373584
39701.9	39700	333040
39800.8	39800	382272
39901.8	39900	353312
40000.8	40000	350416
40224.8	40100	50680
40226.8	40200	0
40300.8	40300	0
40402	40400	537208
40500	40500	176656
40600.8	40600	501008
40700.7	40700	379376
40801	40800	353312
40900.8	40900	304080
41107.8	41000	47784
41108.8	41100	0
41208.9	41200	348968
41457.8	41300	159280
41459.8	41400	0
41500	41500	0
41657.8	41600	0
41721.8	41700	185344
41801.9	41800	385168
41900	41900	341728
42003.9	42000	333040
42100.8	42100	344624
42200.8	42200	312768
42302.9	42300	335936
42533.8	42400	91224
42533.9	42500	0
42740.8	42600	0
42742.8	42700	0
42812.9	42800	7240
42901.8	42900	379376
43001	43000	275120
43100	43100	382272
43200.8	43200	364896
43300	43300	283808
43593.9	43400	321456
43593.9	43500	0
43600.9	43600	0
43800.9	43700	0
43802.8	43800	0
43913.9	43900	450328
44140	44000	81088
44141.9	44100	0
44200.9	44200	0
44300.8	44300	467704
44400.9	44400	179552
44500.8	44500	211408
44600	44600	220096
44700.9	44700	173760
44869.9	44800	0
44900	44900	0
45000.9	45000	314216
45106.9	45100	254848
45201.9	45200	260640
45303.9	45300	222992
45510.9	45400	47784
45512.9	45500	0
45600	45600	266432
45826	45700	69504
45828	45800	0
46110	45900	1448
46112	46000	0
46114	46100	0
46314.1	46200	0
46315	46300	0
46400	46400	453224
46507.9	46500	153488
46600.9	46600	199824
46812	46700	5792
46814	46800	0
46900	46900	172312
47006.4	47000	207064
47100	47100	182448
47334	47200	82536
47334	47300	0
47400.9	47400	4344
47526	47500	325800
47697.1	47600	0
47700	47700	0
47803	47800	246160
47904	47900	165072
48009.9	48000	205616
48240	48100	69504
48242	48200	0
48303.9	48300	1448
48400	48400	362000
48514	48500	254848
48616	48600	237472
48726	48700	186792
48802	48800	124528
49028.1	48900	92672
49029	49000	0
49100	49100	208512
49375.1	49200	175208
49377	49300	0
49400.1	49400	0
49500	49500	322904
49600	49600	246160
49706.1	49700	263536
49800	49800	273672
49905	49900	306976
