0	0	1
129.998	100	15928
238.125	200	36200
303.614	300	40544
400.109	400	162176
508.536	500	189688
740.086	600	31856
740.181	700	0
947.108	800	0
947.197	900	0
1027.07	1000	0
1107.01	1100	0
1203.09	1200	0
1331.05	1300	39096
1411.11	1400	30408
1507.02	1500	49232
1603.09	1600	5792
1701	1700	0
1801	1800	0
1907.02	1900	156384
2003.08	2000	52128
2100.01	2100	20272
2201.07	2200	0
2307.02	2300	39096
2406.1	2400	50680
2508.02	2500	27512
2601.09	2600	0
2701.02	2700	4344
2803.04	2800	65160
2905.04	2900	62264
3001.09	3000	53576
3103.06	3100	11584
3202.11	3200	0
3300.04	3300	68056
3401.09	3400	86880
3503.06	3500	33304
3602.13	3600	31856
3700.03	3700	31856
3805.04	3800	34752
3903.03	3900	31856
4003.08	4000	5792
4105.04	4100	59368
4549.21	4200	11584
4549.28	4300	0
4549.34	4400	0
4549.37	4500	0
4614.16	4600	1448
4706.06	4700	60816
4828.13	4800	30408
4903.06	4900	23168
5001.15	5000	34752
5123.07	5100	36200
5200.07	5200	27512
5325.06	5300	46336
5401.13	5400	28960
5502.1	5500	46336
5602.15	5600	37648
5706.15	5700	43440
5813.18	5800	49232
5908.13	5900	40544
6002.15	6000	46336
6120.1	6100	52128
6201.15	6200	46336
6306.08	6300	60816
6400.16	6400	43440
6502.08	6500	63712
6601.15	6600	57920
6709.11	6700	63712
6804.12	6800	63712
6907.16	6900	63712
7001.15	7000	63712
7106.65	7100	72400
7200.1	7200	69504
7427.17	7300	15928
7427.23	7400	0
7634.26	7500	0
7634.37	7600	0
7701.19	7700	7240
7829.18	7800	110048
7902.21	7900	39096
8004.23	8000	68056
8122.14	8100	43440
8200.18	8200	52128
8305.14	8300	68056
8411.2	8400	46336
8500.19	8500	55024
8628.15	8600	75296
8701.23	8700	43440
8801.18	8800	63712
8925.18	8900	75296
9005.25	9000	52128
9101.21	9100	60816
9213.25	9200	72400
9302.14	9300	57920
9405.24	9400	72400
9501.21	9500	66608
9611.22	9600	72400
9700.24	9700	66608
9805.16	9800	78192
9904.21	9900	69504
10002.1	10000	78192
10100.2	10100	78192
10205.3	10200	75296
10301.2	10300	86880
10403.2	10400	83984
10509.2	10500	95568
10605.2	10600	89776
10703.2	10700	98464
10800.2	10800	98464
10903.3	10900	112944
11000.2	11000	104256
11104.2	11100	107152
11204.2	11200	107152
11309.2	11300	107152
11405.2	11400	110048
11501.2	11500	107152
11601.2	11600	98464
11700.3	11700	115840
11807.3	11800	89776
11910.3	11900	114392
12001.2	12000	73848
12100.2	12100	104256
12205.2	12200	95568
12303.2	12300	127424
12408.3	12400	112944
12500.4	12500	110048
12603.3	12600	118736
12701.3	12700	133216
12805.2	12800	127424
12900.3	12900	130320
13000.3	13000	111496
13100.2	13100	124528
13204.2	13200	144800
13300.3	13300	127424
13402.2	13400	144800
13500.2	13500	133216
13601.3	13600	144800
13701.3	13700	153488
13802.3	13800	147696
13902.3	13900	156384
14002.2	14000	150592
14102.2	14100	159280
14200.2	14200	156384
14302.2	14300	159280
14400.2	14400	165072
14501.3	14500	165072
14604.3	14600	165072
14700.2	14700	165072
14801.3	14800	167968
14902.3	14900	176656
15001.2	15000	170864
15110.3	15100	170864
15200.7	15200	147696
15303.2	15300	159280
15405.3	15400	156384
15501.3	15500	165072
15600.4	15600	165072
15703.3	15700	150592
15801.3	15800	182448
15902.3	15900	173760
16000.3	16000	170864
16103.3	16100	205616
16201.3	16200	199824
16300.3	16300	183896
16400.3	16400	257744
16500.3	16500	217200
16600.3	16600	283808
16700.3	16700	249056
16808.4	16800	254848
16901.4	16900	198376
17016.3	17000	263536
17101.3	17100	192584
17201.3	17200	328696
17301.3	17300	318560
17400.3	17400	344624
17500.4	17500	341728
17605.4	17600	359104
17701.3	17700	335936
17800.4	17800	362000
17901.4	17900	353312
18002.4	18000	367792
18101.3	18100	359104
18210.3	18200	382272
18308.3	18300	359104
18401.4	18400	312768
18501.4	18500	385168
18601.3	18600	301184
18700.8	18700	52128
18800.3	18800	473496
18900.3	18900	272224
19000.3	19000	269328
19100.2	19100	269328
19200.3	19200	272224
19300.3	19300	266432
19400.4	19400	269328
19500.3	19500	272224
19600.3	19600	266432
19702.4	19700	275120
19800.4	19800	269328
19902.5	19900	272224
20001.4	20000	263536
20102.4	20100	269328
20201.4	20200	249056
20300.3	20300	272224
20403.4	20400	269328
20503.4	20500	295392
20601.4	20600	243264
20701.5	20700	136112
20802.4	20800	422816
20900.5	20900	260640
21003.4	21000	280912
21104.4	21100	263536
21203.4	21200	275120
21301.5	21300	272224
21400.4	21400	269328
21501.5	21500	272224
21600.4	21600	266432
21701.4	21700	269328
21815.4	21800	269328
21926.5	21900	341728
22016.4	22000	230232
22112.4	22100	218648
22209.4	22200	222992
22303.4	22300	257744
22401.6	22400	240368
22501.4	22500	267880
22600.4	22600	270776
22700.6	22700	266432
22802.7	22800	278016
22901.4	22900	266432
23000.4	23000	266432
23100.4	23100	272224
23201.4	23200	275120
23302.5	23300	286704
23401.5	23400	275120
23500.5	23500	266432
23600.5	23600	266432
23700.4	23700	272224
23800.5	23800	266432
23900.4	23900	275120
24000.5	24000	266432
24100.5	24100	269328
24200.5	24200	269328
24302.5	24300	275120
24400.5	24400	263536
24508	24500	275120
24601.5	24600	272224
24708.5	24700	280912
24800.5	24800	251952
24905.5	24900	278016
25009.6	25000	286704
25102.5	25100	243264
25200.5	25200	249056
25301.5	25300	269328
25408.6	25400	309872
25502.5	25500	257744
25601.5	25600	266432
25700.6	25700	266432
25802.6	25800	269328
