0	0	1
100.007	100	11584
209.04	200	31856
318.103	300	18824
400.06	400	17376
517.055	500	123080
601.022	600	149144
700.045	700	369240
800.078	800	508248
901.045	900	600920
1000.07	1000	583544
1101.1	1100	615400
1200.06	1200	598024
1301.17	1300	600920
1400.05	1400	596576
1502.06	1500	605264
1600.15	1600	331592
1700.04	1700	402544
1800.04	1800	1059936
1900.1	1900	608160
2001.13	2000	593680
2100.1	2100	602368
2201.08	2200	602368
2300.14	2300	584992
2400.09	2400	613952
2500.05	2500	602368
2601.1	2600	460464
2700.12	2700	11584
2804.26	2800	920928
2902.14	2900	376480
3002.23	3000	364896
3100.13	3100	486528
3201.13	3200	431504
3301.17	3300	613952
3401.1	3400	587888
3501.14	3500	593680
3600.08	3600	590784
3700.09	3700	602368
3800.09	3800	602368
3900.07	3900	602368
4000.04	4000	608160
4101.1	4100	602368
4200.08	4200	587888
4300.05	4300	602368
4400.05	4400	608160
4500.18	4500	596576
4601.16	4600	602368
4700.16	4700	596576
4800.07	4800	608160
4900.12	4900	593680
5000.06	5000	596576
5100.15	5100	608160
5200.12	5200	602368
5300.07	5300	596576
5400.17	5400	602368
5500.14	5500	596576
5601.19	5600	613952
5700.11	5700	602368
5800.18	5800	582096
5901.09	5900	612504
6004.14	6000	519832
6104.22	6100	483632
6200.15	6200	589336
6307.12	6300	560376
6400.1	6400	657392
6500.16	6500	596576
6601.15	6600	593680
6700.15	6700	608160
6801.17	6800	596576
6900.08	6900	596576
7001.1	7000	608160
7100.17	7100	593680
7201.21	7200	605264
7300.12	7300	602368
7400.21	7400	587888
7500.12	7500	613952
7600.14	7600	602368
7700.2	7700	596576
7800.77	7800	602368
7901.23	7900	498112
8000.16	8000	247608
8100.22	8100	0
8200.16	8200	30408
8300.15	8300	771784
8400.23	8400	441640
8503.19	8500	321456
8601.27	8600	289600
8707.27	8700	301184
8800.15	8800	327248
8900.24	8900	356208
9000.17	9000	369240
9100.24	9100	402544
9206.26	9200	399648
9300.16	9300	376480
9401.24	9400	402544
9500.23	9500	405440
9600.24	9600	414128
9700.21	9700	425712
9800.26	9800	396752
9900.2	9900	451776
10000.2	10000	402544
10104.3	10100	431504
10201.2	10200	422816
10309.7	10300	419920
10401.3	10400	437296
10503.2	10500	390960
10600.2	10600	362000
10700.3	10700	402544
10803.3	10800	424264
10903.3	10900	314216
11036.3	11000	347520
11129.3	11100	283808
11222.3	11200	283808
11324.3	11300	283808
11407.3	11400	282360
11501.2	11500	292496
11600.2	11600	383720
11700.3	11700	386616
11801.2	11800	363448
11901.2	11900	364896
12000.2	12000	388064
12100.3	12100	385168
12201.2	12200	386616
12301.2	12300	343176
12401.3	12400	328696
12503.2	12500	396752
12600.3	12600	412680
12700.3	12700	425712
12800.3	12800	422816
12902.4	12900	369240
13007.2	13000	389512
13100.3	13100	379376
13200.3	13200	421368
13300.2	13300	370688
13400.3	13400	487976
13509.2	13500	412680
13601.3	13600	450328
13700.3	13700	411232
13800.2	13800	466256
13900.4	13900	440192
14000.3	14000	456120
14100.4	14100	454672
14201.3	14200	474944
14300.3	14300	445984
14400.3	14400	388064
14508.4	14500	476392
14601.3	14600	443088
14709.3	14700	431504
14800.2	14800	418472
14900.5	14900	425712
15000.3	15000	414128
15100.3	15100	286704
15200.3	15200	169416
15300.4	15300	304080
15406.4	15400	335936
15500.3	15500	331592
15600.2	15600	299736
15700.3	15700	301184
15800.3	15800	366344
15904.4	15900	360552
16008.3	16000	140456
16107.4	16100	244712
16235.4	16200	364896
16329.4	16300	254848
16409.5	16400	185344
16501.3	16500	379376
16603.9	16600	395304
16700.4	16700	372136
16800.3	16800	415576
16916.4	16900	328696
17000.4	17000	325800
17100.4	17100	408336
17201.4	17200	409784
17300.4	17300	373584
17402.5	17400	412680
17500.4	17500	340280
17601.3	17600	392408
17701.4	17700	375032
17807.4	17800	340280
17900.3	17900	169416
18001.4	18000	328696
18100.4	18100	264984
18200.4	18200	264984
18309.4	18300	295392
18400.4	18400	311320
18501.3	18500	338832
18600.4	18600	315664
18701.4	18700	373584
18800.4	18800	293944
18900.4	18900	393856
19001.6	19000	324352
19100.5	19100	363448
19201.5	19200	364896
19300.3	19300	380824
19400.3	19400	362000
19502.4	19500	369240
19600.3	19600	341728
19700.4	19700	354760
19800.4	19800	322904
19900.4	19900	370688
20001.4	20000	396752
20100.5	20100	302632
20200.4	20200	364896
20300.4	20300	296840
20405.4	20400	380824
20500.5	20500	338832
20600.4	20600	359104
20706.5	20700	340280
20807.5	20800	359104
20900.4	20900	302632
21033.5	21000	380824
21128.5	21100	250504
21225.5	21200	250504
21318.5	21300	253400
21417.5	21400	250504
21513.5	21500	250504
21607.5	21600	251952
21700.4	21700	350416
21800.4	21800	375032
21900.4	21900	353312
22000.5	22000	360552
22100.4	22100	356208
22200.4	22200	357656
22300.4	22300	343176
22400.4	22400	328696
22501.5	22500	269328
22601.4	22600	266432
22700.5	22700	266432
22800.4	22800	267880
22900.5	22900	272224
23000.5	23000	272224
23100.5	23100	327248
23200.4	23200	367792
23300.4	23300	353312
23400.4	23400	344624
23501.5	23500	373584
23601.5	23600	388064
23700.4	23700	383720
23800.4	23800	383720
23901.4	23900	386616
24000.5	24000	392408
24105.5	24100	263536
24201.5	24200	304080
24301.5	24300	375032
24402.5	24400	377928
24500.5	24500	379376
24600.5	24600	377928
24700.5	24700	393856
24800.5	24800	363448
24900.5	24900	389512
25000.4	25000	440192
25100.5	25100	421368
25202.5	25200	419920
25300.5	25300	370688
25401.6	25400	437296
25500.5	25500	347520
25601.5	25600	306976
25700.5	25700	250504
25802.5	25800	266432
25900.6	25900	250504
26009.5	26000	278016
26103.5	26100	247608
26205.5	26200	214304
26309.5	26300	291048
26402.5	26400	292496
26500.6	26500	312768
26600.5	26600	331592
26700.5	26700	266432
26804.5	26800	263536
26900.5	26900	343176
27000.5	27000	376480
27100.3	27100	383720
27201.5	27200	399648
27301.5	27300	350416
27400.5	27400	346072
27500.5	27500	360552
27600.5	27600	357656
27700.5	27700	367792
27800.6	27800	360552
27900.6	27900	356208
28001.6	28000	364896
28100.5	28100	351864
28200.6	28200	241816
28300.6	28300	21720
28401.7	28400	514040
28500.6	28500	264984
28600.5	28600	267880
28700.5	28700	270776
28800.6	28800	270776
28900.5	28900	272224
29005.7	29000	246160
29100.6	29100	27512
29200.5	29200	493768
29300.6	29300	279464
29401.5	29400	338832
29500.7	29500	321456
29600.5	29600	328696
29701.5	29700	333040
29800.6	29800	341728
29900.6	29900	347520
30000.6	30000	320008
30100.5	30100	360552
30200.5	30200	351864
30301.7	30300	364896
30400.6	30400	354760
30500.6	30500	356208
30600.6	30600	337384
30701.7	30700	318560
30803.7	30800	263536
30901.7	30900	250504
31026.7	31000	327248
31123.6	31100	241816
31226.6	31200	243264
31319.6	31300	251952
31406.6	31400	228784
31501.5	31500	288152
31600.6	31600	372136
31700.6	31700	369240
31801.6	31800	353312
31909.6	31900	337384
32001.6	32000	304080
32103.6	32100	181000
32200.6	32200	270776
32300.6	32300	264984
32402.6	32400	236024
32500.6	32500	260640
32602.7	32600	209960
32700.6	32700	202720
32801.7	32800	208512
32900.6	32900	237472
33000.6	33000	260640
33104.6	33100	259192
33200.6	33200	311320
33300.6	33300	305528
33401.6	33400	333040
33500.6	33500	330144
33600.7	33600	340280
33700.6	33700	346072
33800.6	33800	322904
33900.7	33900	351864
34010.6	34000	379376
34100.6	34100	298288
34200.6	34200	354760
34301.7	34300	359104
34401.7	34400	341728
34500.6	34500	359104
34600.6	34600	348968
34700.6	34700	333040
34800.6	34800	360552
34900.7	34900	334488
35000.6	35000	357656
35100.6	35100	356208
35201.6	35200	334488
35300.7	35300	357656
35400.9	35400	344624
35500.7	35500	343176
35611.7	35600	379376
35700.7	35700	288152
35800.7	35800	337384
35900.6	35900	331592
36020.7	36000	388064
36114.7	36100	212856
36212.7	36200	249056
36308.7	36300	247608
36407.7	36400	238920
36500.7	36500	208512
36601.7	36600	267880
36701.9	36700	270776
36800.7	36800	270776
36900.7	36900	262088
37000.8	37000	264984
37100.7	37100	269328
37201.7	37200	259192
37300.7	37300	267880
37400.7	37400	269328
37501.8	37500	264984
37600.7	37600	273672
37701.8	37700	249056
37800.8	37800	343176
37900.7	37900	348968
38001.8	38000	343176
38100.8	38100	343176
38200.7	38200	353312
38300.8	38300	340280
38401.7	38400	347520
38500.8	38500	337384
38600.7	38600	360552
38700.7	38700	343176
38801.8	38800	353312
38900.7	38900	325800
39001.7	39000	348968
39108.7	39100	341728
39201.8	39200	321456
39300.7	39300	278016
39400.7	39400	269328
39501.8	39500	273672
39600.9	39600	262088
39700.7	39700	272224
39801.8	39800	267880
39900.7	39900	264984
40000.8	40000	224440
40100	40100	28960
40200.8	40200	380824
40301.7	40300	211408
40400.7	40400	202720
40500.8	40500	207064
40600.9	40600	198376
40700.7	40700	110048
40800.8	40800	222992
40901.7	40900	166520
41001.8	41000	162176
41100.8	41100	165072
41200.7	41200	167968
41300.9	41300	165072
41401.8	41400	163624
41528.8	41500	236024
41623.8	41600	130320
41720.9	41700	160728
41815.8	41800	162176
41912.9	41900	163624
42007.8	42000	227336
42100.9	42100	208512
42202.8	42200	273672
42300.9	42300	247608
42400.8	42400	270776
42500.8	42500	256296
42600.8	42600	269328
42701.8	42700	260640
42814.8	42800	263536
42900.8	42900	227336
43000.8	43000	263536
43100.9	43100	259192
43201.8	43200	250504
43311.8	43300	220096
43402.8	43400	175208
43501.9	43500	167968
43601.9	43600	159280
43700.9	43700	160728
43801.9	43800	167968
43901.8	43900	165072
44000.9	44000	207064
44101.9	44100	234576
44201.5	44200	243264
44300.9	44300	275120
44403.8	44400	254848
44502.8	44500	266432
44600	44600	280912
44700.8	44700	269328
44800.9	44800	295392
44900.9	44900	249056
45001.9	45000	311320
45101	45100	266432
45200	45200	302632
45300.9	45300	278016
45401.8	45400	309872
45501.8	45500	282360
45600.9	45600	305528
45700.8	45700	293944
45800.9	45800	291048
45902.9	45900	308424
46000	46000	289600
46100.9	46100	314216
46201.9	46200	301184
46302.9	46300	311320
46400	46400	302632
46501.9	46500	309872
46624.9	46600	305528
46718.9	46700	198376
46819.9	46800	209960
46900.9	46900	165072
47000	47000	262088
47101	47100	267880
47201.9	47200	270776
47302	47300	267880
47400.9	47400	263536
47500	47500	220096
47605	47600	185344
47705.9	47700	205616
47807	47800	230232
47900.9	47900	296840
48003.9	48000	280912
48100	48100	304080
48200.9	48200	331592
48300	48300	308424
48400.9	48400	299736
48501	48500	304080
48600.9	48600	314216
48700	48700	346072
48800	48800	343176
48901	48900	324352
49000.9	49000	331592
49101.9	49100	324352
49211.9	49200	389512
49300.9	49300	295392
49400	49400	366344
49502	49500	308424
49600	49600	375032
49700	49700	383720
49800.1	49800	337384
49900	49900	367792
50000	50000	379376
50100.9	50100	390960
50200.9	50200	382272
50301	50300	357656
50400.9	50400	356208
50509.9	50500	346072
50601.9	50600	260640
50700.9	50700	327248
50808	50800	308424
50902	50900	293944
51000.1	51000	73848
51100.2	51100	459016
51200	51200	273672
51300	51300	259192
51400	51400	262088
51500	51500	275120
51615	51600	285256
51719	51700	243264
51820	51800	246160
51910	51900	221544
52000	52000	241816
52101.1	52100	270776
52200.8	52200	262088
52300.1	52300	266432
52400	52400	263536
52500.9	52500	264984
52601	52600	256296
52701	52700	266432
52800	52800	115840
52900	52900	133216
53000	53000	373584
53100	53100	207064
53200	53200	191136
53301.1	53300	44888
53400.1	53400	173760
53500.1	53500	278016
53600	53600	165072
53701	53700	167968
53802	53800	165072
53900	53900	189688
54002	54000	207064
54100	54100	204168
54200	54200	209960
54300	54300	257744
54401	54400	220096
54500	54500	217200
54607	54600	243264
54700.1	54700	247608
54800	54800	264984
54901	54900	250504
55001.1	55000	204168
55100	55100	207064
55201	55200	211408
55300.1	55300	202720
55401	55400	207064
55500.1	55500	204168
55600.1	55600	173760
55702	55700	167968
55802.1	55800	162176
55901.1	55900	160728
56008.2	56000	68056
56107.2	56100	0
56202	56200	325800
56301.1	56300	121632
56401.1	56400	121632
56503.1	56500	121632
56625.1	56600	149144
56724.1	56700	76744
56820.1	56800	97016
56901.1	56900	85432
57002.1	57000	141904
57101.2	57100	141904
57201	57200	154936
57303.1	57300	139008
57401.1	57400	153488
57501.1	57500	149144
57600.1	57600	154936
57700.2	57700	141904
57800.2	57800	154936
57910.1	57900	175208
58001.2	58000	141904
58102.5	58100	154936
58202.1	58200	147696
58300.1	58300	146248
58401.1	58400	166520
58500.1	58500	150592
58602.1	58600	146248
58711.1	58700	154936
58801.1	58800	157832
58902.1	58900	179552
59000.1	59000	172312
59101.1	59100	179552
59201.1	59200	178104
59309.1	59300	182448
59400.2	59400	157832
59500.1	59500	189688
59600.1	59600	182448
59701.1	59700	188240
59802.1	59800	195480
59900.1	59900	186792
60001.2	60000	195480
60100.1	60100	192584
60200.1	60200	194032
60300.1	60300	201272
60400.1	60400	198376
60501.1	60500	185344
60602.2	60600	185344
60700.1	60700	188240
60801.1	60800	176656
60902.1	60900	165072
61000.1	61000	165072
61100.1	61100	163624
61200.1	61200	125976
61300.2	61300	30408
61401.1	61400	212856
61501.1	61500	121632
61745.2	61600	49232
61745.3	61700	0
61953.2	61800	0
61955.2	61900	0
62021.3	62000	10136
62101.1	62100	185344
62201.1	62200	105704
62301.2	62300	108600
62401.2	62400	110048
62508.2	62500	105704
62603.2	62600	78192
62703.2	62700	75296
62802.2	62800	65160
62901.2	62900	1448
63001.2	63000	147696
63110.2	63100	76744
63206.2	63200	91224
63306.2	63300	92672
63533.3	63400	23168
63535.3	63500	0
63737.3	63600	0
63737.4	63700	0
63801.3	63800	65160
63900.3	63900	125976
64007.3	64000	52128
64101.3	64100	79640
64202.2	64200	66608
64303.3	64300	78192
64552.4	64400	28960
64552.4	64500	0
64756.3	64600	0
64756.4	64700	0
65167.3	64800	0
65167.4	64900	0
66559.4	65000	0
66559.5	65100	37648
66624.4	65200	1448
66624.5	65300	14480
66624.5	65400	0
66624.5	65500	0
66625.3	65600	0
66627.4	65700	2896
66627.5	65800	1448
66627.5	65900	2896
66629.4	66000	1448
66629.4	66100	1448
66629.4	66200	5792
66631.4	66300	1448
66631.4	66400	2896
66631.4	66500	1448
66633.4	66600	1448
66700.2	66700	41992
66817.2	66800	140456
66902.3	66900	172312
67020.3	67000	241816
67100.3	67100	10136
67200.2	67200	366344
67300.4	67300	201272
67400.3	67400	207064
67500.3	67500	204168
67600.3	67600	107152
67701.3	67700	99912
67800.3	67800	320008
67900.3	67900	160728
68001.3	68000	167968
68100.3	68100	165072
68201.3	68200	165072
68300.3	68300	165072
68400.4	68400	159280
68500.3	68500	166520
68601.4	68600	162176
68700.3	68700	165072
68800.4	68800	47784
68900.4	68900	247608
69000.3	69000	118736
69100.4	69100	121632
69201.4	69200	108600
69447.4	69300	0
69447.6	69400	0
69654.4	69500	0
69656.4	69600	0
69720.4	69700	91224
71574.5	69800	181000
71574.6	69900	0
71637.4	70000	1448
71639	70100	1448
71703.4	70200	1448
71768.4	70300	1448
71832.4	70400	1448
73892.5	70500	10136
73958.5	70600	1448
73958.6	70700	1448
73962.4	70800	1448
73962.5	70900	1448
73965.4	71000	1448
73967.4	71100	1448
73967.5	71200	1448
73970.5	71300	1448
74024.5	71400	1448
74027.4	71500	1448
74231.6	71600	0
74231.6	71700	0
74231.7	71800	0
74231.7	71900	0
74436.7	72000	0
74436.8	72100	0
74436.9	72200	0
74436.9	72300	0
74501.5	72400	0
74501.6	72500	0
74501.7	72600	0
74501.7	72700	0
74568.5	72800	0
74568.6	72900	0
74568.6	73000	0
74568.7	73100	0
74570.5	73200	0
74572.5	73300	0
74778.5	73400	0
