0	0	1
136.619	100	15928
202.18	200	28960
305.662	300	46336
402.593	400	131768
502.66	500	217200
601.655	600	344624
700.642	700	335936
800.643	800	0
907.721	900	534312
1000.68	1000	218648
1101.59	1100	485080
1200.61	1200	369240
1302.59	1300	347520
1404.58	1400	369240
1500.62	1500	377928
1600.58	1600	360552
1704.73	1700	356208
1800.67	1800	395304
1900.63	1900	364896
2001.74	2000	357656
2100.68	2100	362000
2201.71	2200	356208
2300.58	2300	366344
2400.68	2400	330144
2500.6	2500	395304
2600.59	2600	346072
2703.74	2700	350416
2800.72	2800	340280
2900.62	2900	350416
3001.63	3000	335936
3100.7	3100	382272
3200.59	3200	315664
3305.67	3300	388064
3402.72	3400	331592
3501.76	3500	340280
3602.7	3600	359104
3700.72	3700	389512
3801.66	3800	363448
3900.65	3900	338832
4000.61	4000	360552
4104.68	4100	347520
4201.66	4200	360552
4301.73	4300	331592
4400.7	4400	315664
4500.71	4500	363448
4600.76	4600	357656
4702.71	4700	320008
4800.73	4800	362000
4900.66	4900	370688
5015.71	5000	385168
5110.69	5100	301184
5218.7	5200	317112
5310.68	5300	302632
5403.68	5400	322904
5501.76	5500	337384
5600.71	5600	350416
5708.73	5700	360552
5801.75	5800	353312
5900.68	5900	333040
6003.85	6000	376480
6101.7	6100	347520
6200.77	6200	341728
6303.75	6300	347520
6400.82	6400	353312
6507.8	6500	338832
6601.75	6600	350416
6700.45	6700	333040
6802.76	6800	292496
6900.8	6900	362000
7001.75	7000	350416
7106.79	7100	321456
7200.75	7200	344624
7306.77	7300	362000
7401.74	7400	341728
7500.74	7500	353312
7600.71	7600	350416
7707.75	7700	338832
7802.76	7800	321456
7904.73	7900	327248
8000.74	8000	353312
8101.81	8100	315664
8200.73	8200	353312
8301.76	8300	309872
8400.72	8400	318560
8500.74	8500	347520
8600.75	8600	344624
8700.73	8700	318560
8804.75	8800	335936
8901.7	8900	356208
9006.78	9000	327248
9102.81	9100	333040
9206.86	9200	333040
9306.85	9300	306976
9401.72	9400	327248
9506.86	9500	309872
9605.85	9600	312768
9700.8	9700	306976
9804.78	9800	333040
9906.83	9900	62264
10000.8	10000	573408
10100.9	10100	343176
10200.8	10200	334488
10313.9	10300	347520
10419.9	10400	275120
10516.9	10500	273672
10615.9	10600	273672
10700	10700	231680
10800.7	10800	327248
10900.8	10900	292496
11000.9	11000	301184
11100.8	11100	295392
11200.7	11200	286704
11300.9	11300	327248
11404.8	11400	283808
11502	11500	312768
11600.8	11600	304080
11700	11700	209960
11800.8	11800	372136
11900	11900	280912
12000.9	12000	309872
12100.9	12100	327248
12200.8	12200	318560
12300.9	12300	254848
12400.8	12400	257744
12501.9	12500	257744
12600.8	12600	278016
12700	12700	266432
12801.3	12800	266432
12904.8	12900	263536
13001	13000	263536
13108	13100	298288
13200.8	13200	257744
13301.9	13300	254848
13400.9	13400	289600
13500.8	13500	272224
13606	13600	257744
13701.9	13700	246160
13800	13800	312768
13901.9	13900	263536
14000	14000	275120
14100	14100	266432
14200	14200	278016
14307.9	14300	292496
14400	14400	254848
14500.9	14500	246160
14608.1	14600	82536
14700.8	14700	421368
14800.9	14800	266432
14902	14900	266432
15000.9	15000	254848
15100	15100	257744
15200.8	15200	269328
15303.9	15300	234576
15405	15400	249056
15528.9	15500	288152
15624	15600	214304
15700.9	15700	159280
15803	15800	234576
15904	15900	260640
16008.9	16000	251952
16105.1	16100	254848
16200	16200	254848
16301.9	16300	263536
16400	16400	222992
16500.9	16500	237472
16600	16600	196928
16843	16700	73848
16843.9	16800	0
16907.9	16900	1448
17001.9	17000	353312
17100.9	17100	222992
17200.9	17200	225888
17303.9	17300	208512
17400.9	17400	222992
17502	17500	220096
17601	17600	246160
17701.9	17700	217200
17800	17800	240368
17907	17900	222992
18000.9	18000	231680
18100	18100	199824
18200.9	18200	234576
18302.9	18300	231680
18407	18400	225888
18500.9	18500	220096
18600.9	18600	196928
18701	18700	205616
18801.3	18800	208512
18904	18900	179552
19005.9	19000	205616
19100	19100	185344
19200.9	19200	176656
19304.2	19300	205616
19401	19400	214304
19501	19500	188240
19605.9	19600	185344
19710	19700	179552
19802.9	19800	199824
19900	19900	214304
20000.9	20000	205616
20104	20100	179552
20209	20200	188240
20316.1	20300	173760
20400	20400	208512
20529	20500	159280
20693.1	20600	0
20700.1	20700	0
20800.6	20800	250504
20900.1	20900	65160
21002.2	21000	243264
21103.1	21100	130320
21201.1	21200	147696
21302	21300	153488
21400.1	21400	133216
21500.1	21500	141904
21600	21600	165072
21700	21700	141904
21800.1	21800	141904
21906.1	21900	153488
22010	22000	156384
22100.9	22100	147696
22204.1	22200	156384
22435.1	22300	50680
22435.2	22400	0
22640.2	22500	0
22640.3	22600	0
22705	22700	13032
22801.1	22800	218648
22900.1	22900	112944
23002	23000	118736
23101.1	23100	121632
23203.1	23200	118736
23301	23300	118736
23400.1	23400	139008
23500	23500	127424
23602	23600	127424
23701	23700	121632
23801	23800	133216
23904.1	23900	118736
24155.1	24000	72400
24155.2	24100	0
24361.1	24200	0
24362.1	24300	0
24425.1	24400	14480
24500	24500	150592
24600	24600	101360
24700	24700	107152
24806	24800	95568
24901	24900	104256
25004.1	25000	107152
25101	25100	104256
25365.1	25200	55024
25365.2	25300	0
25429.1	25400	1448
25508	25500	134664
25619.1	25600	92672
25700.1	25700	49232
25807.1	25800	75296
25903.1	25900	83984
26000.1	26000	95568
26104.1	26100	72400
26201.1	26200	95568
26309.1	26300	83984
26406.1	26400	92672
26621.2	26500	17376
26621.3	26600	0
26701.1	26700	83984
26815.1	26800	73848
26902.1	26900	63712
27018.2	27000	86880
27105.1	27100	69504
27201.1	27200	78192
27301.1	27300	75296
27433.2	27400	68056
27599.1	27500	0
27600.1	27600	0
27732.1	27700	94120
27803.1	27800	43440
27900.2	27900	63712
28140.2	28000	24616
28140.3	28100	0
28345.3	28200	0
28345.4	28300	0
28409.1	28400	10136
28505.2	28500	95568
28608.2	28600	43440
28727.2	28700	39096
28897.3	28800	0
28900.2	28900	0
29014.2	29000	59368
29111.3	29100	28960
29210.2	29200	49232
29308.2	29300	31856
29401.2	29400	43440
29512.3	29500	33304
29678.2	29600	0
29734.2	29700	0
29800.2	29800	49232
29901.2	29900	33304
30015.2	30000	37648
30102.2	30100	31856
30227.3	30200	43440
30426.3	30300	0
30426.3	30400	0
30501.2	30500	40544
30622.2	30600	27512
30703.1	30700	27512
30813.2	30800	30408
30986.3	30900	0
31037.2	31000	0
31110.2	31100	39096
31325.3	31200	0
31325.4	31300	0
31404.3	31400	24616
31520.2	31500	18824
31610.2	31600	20272
31723.2	31700	23168
31809.2	31800	20272
32120.3	31900	23168
32120.3	32000	0
32120.4	32100	0
32251.2	32200	30408
32323.3	32300	14480
32401.2	32400	26064
32513.2	32500	7240
32672.2	32600	0
32877.3	32700	0
32877.4	32800	0
32942.3	32900	2896
33007.2	33000	23168
33210.3	33100	1448
33210.4	33200	0
33414.3	33300	0
33414.4	33400	1448
33546.3	33500	20272
33613.3	33600	8688
33746.3	33700	18824
33812.2	33800	10136
33945.2	33900	17376
34048.2	34000	10136
34214.3	34100	0
34418.3	34200	0
34419.3	34300	0
34419.3	34400	0
34549.2	34500	20272
34614.3	34600	10136
34727.3	34700	21720
34808.4	34800	7240
34996.3	34900	0
35040.3	35000	0
35106.3	35100	21720
35355.4	35200	5792
35355.4	35300	0
35417.3	35400	0
35548.2	35500	27512
35624.3	35600	10136
35732.3	35700	15928
35966.3	35800	5792
35966.4	35900	0
36169.3	36000	0
36170.3	36100	1448
36234.3	36200	7240
36706.4	36300	0
38981.5	36400	8688
38981.6	36500	0
39048.4	36600	0
39048.5	36700	0
39057.5	36800	1448
39254.4	36900	0
39254.5	37000	0
39254.6	37100	0
39254.6	37200	0
39318.4	37300	0
39319.4	37400	0
39321.4	37500	0
39322.4	37600	0
39385.4	37700	0
39385.5	37800	0
39388.3	37900	0
39388.4	38000	0
39450.4	38100	0
39451.3	38200	0
39453.3	38300	0
39454.3	38400	0
39515.3	38500	0
39516.4	38600	0
39518.4	38700	0
39520.4	38800	0
39591.5	38900	0
39591.5	39000	0
39591.6	39100	0
39596.3	39200	0
39656.4	39300	0
39666.4	39400	0
39666.5	39500	0
39666.5	39600	0
39722.3	39700	0
39852.3	39800	0
39917.3	39900	0
40194.6	40000	0
40194.7	40100	0
40259.4	40200	0
40528.5	40300	0
40593.4	40400	0
40658.3	40500	0
40730.5	40600	0
40795.4	40700	0
40861.3	40800	0
40927.4	40900	0
41057.4	41000	0
41122.5	41100	0
42532.6	41200	5792
42597.4	41300	68056
42606.5	41400	10136
42606.6	41500	1448
42608.5	41600	17376
42608.5	41700	1448
42681.4	41800	1448
42681.5	41900	1448
42681.6	42000	1448
42681.6	42100	1448
42681.6	42200	1448
42681.6	42300	1448
42682.4	42400	1448
42682.4	42500	1448
42682.5	42600	1448
42703.4	42700	28960
42837.5	42800	39096
43000.5	42900	0
43000.6	43000	0
43206.6	43100	0
43206.6	43200	0
43497.5	43300	66608
43498.5	43400	0
43500.5	43500	0
43702.5	43600	0
43702.6	43700	0
43970.5	43800	13032
43970.6	43900	23168
44174.5	44000	0
44175.5	44100	0
44241.6	44200	10136
44306.4	44300	27512
44403.5	44400	31856
44507.5	44500	13032
44672.6	44600	0
