0	0	1
129.178	100	15928
222.186	200	36200
321.188	300	78192
401.157	400	125976
503.217	500	264984
600.058	600	308424
700.113	700	176656
827.16	800	435848
900.214	900	244712
1001.05	1000	367792
1103.18	1100	308424
1315.21	1200	34752
1316.22	1300	0
1408.11	1400	283808
1501.15	1500	224440
1605.14	1600	195480
1700.16	1700	231680
1809.15	1800	249056
1900.12	1900	224440
2002.09	2000	260640
2105.21	2100	243264
2211.14	2200	260640
2307.19	2300	231680
2403.12	2400	243264
2501.11	2500	263536
2600.16	2600	249056
2700.18	2700	259192
2801.17	2800	267880
2910.21	2900	224440
3000.13	3000	270776
3100.25	3100	250504
3200.11	3200	278016
3300.24	3300	234576
3400.19	3400	283808
3508.12	3500	275120
3608.14	3600	260640
3700.21	3700	280912
3800.26	3800	228784
3900.24	3900	275120
4001.15	4000	278016
4100.23	4100	240368
4200.2	4200	280912
4300.28	4300	254848
4401.28	4400	259192
4500.19	4500	299736
4600.12	4600	272224
4701.16	4700	241816
4812.27	4800	341728
4929.22	4900	264984
5027.18	5000	192584
5122.22	5100	176656
5200.22	5200	166520
5301.19	5300	264984
5400.27	5400	270776
5500.13	5500	309872
5601.19	5600	286704
5701.24	5700	292496
5809.23	5800	295392
5901.22	5900	278016
6000.24	6000	292496
6100.19	6100	269328
6200.21	6200	295392
6300.23	6300	263536
6400.24	6400	296840
6503.22	6500	286704
6601.23	6600	304080
6700.18	6700	289600
6808.21	6800	289600
6901.18	6900	278016
7001.27	7000	315664
7100.22	7100	317112
7205.26	7200	292496
7300.1	7300	278016
7400.2	7400	321456
7500.23	7500	298288
7600.25	7600	315664
7701.26	7700	315664
7800.28	7800	295392
7900.25	7900	312768
8001.36	8000	321456
8100.18	8100	324352
8204.26	8200	304080
8301.24	8300	315664
8569.34	8400	179552
8569.44	8500	0
8633.26	8600	1448
8700.33	8700	388064
8800.21	8800	231680
8908.31	8900	254848
9003.35	9000	211408
9100.21	9100	264984
9201.44	9200	249056
9305.29	9300	249056
9400.33	9400	263536
9507.21	9500	251952
9600.33	9600	272224
9700.24	9700	260640
9802.31	9800	280912
9900.31	9900	262088
10026.3	10000	309872
10122.2	10100	192584
10219.3	10200	192584
10300.3	10300	160728
10400.4	10400	266432
10500.3	10500	280912
10601.4	10600	275120
10700.3	10700	286704
10805.3	10800	278016
10902.3	10900	275120
11003.4	11000	309872
11262.4	11100	170864
11262.5	11200	0
11300.4	11300	0
11400.4	11400	383720
11500.4	11500	196928
11600.3	11600	228784
11700.3	11700	231680
11800.3	11800	231680
11904.3	11900	225888
12000.3	12000	220096
12101.3	12100	257744
12200.7	12200	249056
12300.3	12300	234576
12405.3	12400	249056
12501.3	12500	254848
12601.3	12600	257744
12700.4	12700	217200
12800.4	12800	254848
12906.4	12900	243264
13000.4	13000	249056
13100.3	13100	249056
13200.3	13200	240368
13308.3	13300	269328
13401.3	13400	260640
13507.3	13500	260640
13601.4	13600	257744
13700.4	13700	254848
13800.3	13800	263536
13900.4	13900	257744
14000.3	14000	269328
14100.3	14100	246160
14335.4	14200	83984
14335.5	14300	0
14400.4	14400	1448
14500.4	14500	375032
14600.3	14600	214304
14701.4	14700	179552
14800.3	14800	211408
14900.4	14900	220096
15001.4	15000	191136
15108.4	15100	185344
15203.4	15200	157832
15300.4	15300	157832
15400.3	15400	221544
15500.4	15500	222992
15601.4	15600	208512
15707.4	15700	243264
15801.3	15800	246160
15905.4	15900	205616
16001.4	16000	254848
16101.4	16100	237472
16200.5	16200	243264
16300.4	16300	220096
16401.4	16400	208512
16502.4	16500	237472
16600.4	16600	225888
16700.4	16700	234576
16800.5	16800	225888
16900.4	16900	228784
17001.5	17000	225888
17100.4	17100	199824
17200.5	17200	217200
17304.4	17300	220096
17400.4	17400	208512
17502.5	17500	225888
17601.4	17600	228784
17700.5	17700	222992
17803.5	17800	222992
17905.5	17900	222992
18000.5	18000	243264
18100.5	18100	205616
18364.6	18200	117288
18364.7	18300	0
18404.5	18400	0
18500.5	18500	311320
18600.4	18600	202720
18700.4	18700	182448
18800.5	18800	202720
18900.4	18900	194032
19002.5	19000	191136
19108.5	19100	214304
19200.5	19200	196928
19301.6	19300	202720
19401.5	19400	194032
19500.4	19500	205616
19606.5	19600	199824
19700.5	19700	179552
19801.5	19800	191136
19900.5	19900	182448
20000.5	20000	176656
20115.5	20100	198376
20220.5	20200	159280
20327.5	20300	154936
20510.6	20400	0
20510.7	20500	0
20716.5	20600	0
20716.6	20700	0
20811.5	20800	266432
20900.4	20900	139008
21001.5	21000	159280
21103.5	21100	165072
21212.5	21200	125976
21374.6	21300	0
21580.7	21400	0
21580.8	21500	0
21600.6	21600	0
21716.5	21700	222992
21803.6	21800	98464
22051.7	21900	78192
22051.8	22000	0
22115.5	22100	1448
22205.5	22200	179552
22301.7	22300	101360
22400.6	22400	104256
22502.6	22500	112944
22601.5	22600	110048
22714.5	22700	110048
22802.6	22800	98464
22901.6	22900	104256
23012.6	23000	76744
23171.6	23100	0
23235.5	23200	0
23301.6	23300	137560
23412.6	23400	92672
23500.6	23500	72400
23603.5	23600	95568
23703.6	23700	78192
23999.6	23800	78192
23999.7	23900	0
24000.7	24000	0
24127.6	24100	104256
24331.7	24200	0
24331.8	24300	0
24536.7	24400	0
24536.8	24500	0
24609.8	24600	11584
24749.6	24700	97016
24807.6	24800	30408
24905.6	24900	55024
25004.7	25000	49232
25105.6	25100	49232
25218.8	25200	57920
25302.6	25300	46336
25515.7	25400	11584
25515.8	25500	0
25601.5	25600	62264
25711.6	25700	30408
25800.5	25800	37648
25919.6	25900	52128
26004.5	26000	37648
26220.7	26100	1448
26220.7	26200	0
26426.7	26300	0
26426.8	26400	0
26501.7	26500	43440
26607.6	26600	21720
26767.7	26700	0
26833.6	26800	0
27047.8	26900	33304
27047.9	27000	0
27112.7	27100	0
27232.6	27200	43440
27307.6	27300	17376
27402.7	27400	20272
27503.8	27500	26064
27609.7	27600	26064
27717.7	27700	28960
27810.7	27800	26064
27912.7	27900	34752
28365.7	28000	10136
28365.8	28100	0
28365.8	28200	0
28365.9	28300	0
28433.8	28400	1448
28500.7	28500	33304
28630.7	28600	34752
28700.7	28700	20272
28877.7	28800	39096
29036.7	28900	0
29036.8	29000	0
29108.7	29100	1448
29384.9	29200	39096
29384.9	29300	0
29589.8	29400	0
29589.9	29500	0
29655.7	29600	8688
29728.7	29700	21720
29802.7	29800	23168
29905.6	29900	17376
30000.7	30000	20272
30100.7	30100	23168
30200.7	30200	26064
30307.7	30300	23168
30408.7	30400	26064
30505.1	30500	28960
30986.7	30600	20272
30986.8	30700	0
30986.9	30800	0
30986.9	30900	0
31052.8	31000	1448
31119.7	31100	31856
31201.7	31200	23168
31409.9	31300	1448
31410	31400	0
31613.9	31500	0
31614	31600	0
31817.8	31700	0
31817.9	31800	0
31948.7	31900	41992
32015.7	32000	15928
32107.6	32100	20272
32299.8	32200	0
32300.8	32300	0
32537.8	32400	0
32537.8	32500	1448
32603.7	32600	13032
32735.7	32700	28960
32882.7	32800	11584
33006.8	32900	0
33006.9	33000	0
33145.8	33100	23168
33349.8	33200	5792
33349.8	33300	0
33401.7	33400	0
33541.7	33500	26064
33611.8	33600	11584
33742.8	33700	18824
33807.7	33800	10136
34290.8	33900	8688
34290.9	34000	0
34291	34100	0
34291	34200	0
34355.8	34300	1448
34622.8	34400	14480
34622.9	34500	0
34622.9	34600	0
34756.7	34700	15928
34966.8	34800	1448
34966.9	34900	0
35170.8	35000	0
35170.9	35100	0
35242.9	35200	4344
35307.8	35300	8688
35636.8	35400	7240
35638.8	35500	0
35677.8	35600	0
35701.8	35700	1448
35821.8	35800	10136
35907.9	35900	10136
36027.8	36000	11584
36295.9	36100	4344
36295.9	36200	0
36319.8	36300	0
36441.9	36400	14480
36506.8	36500	7240
36921.9	36600	5792
36922	36700	0
36922	36800	0
36922.1	36900	0
37051.9	37000	14480
37116.8	37100	7240
37237.8	37200	15928
37302.9	37300	7240
37401.7	37400	14480
37500.9	37500	11584
37604.8	37600	14480
37906.9	37700	17376
37906.9	37800	0
37907	37900	0
38239.9	38000	20272
38239.9	38100	0
38240	38200	0
38306.9	38300	0
38436.8	38400	20272
38501.9	38500	7240
38651.8	38600	15928
38856.9	38700	0
38857	38800	0
39060.9	38900	0
39061	39000	0
39126.9	39100	7240
39399.9	39200	8688
39400	39300	0
39464.8	39400	0
39529.9	39500	7240
39660.8	39600	7240
39725.9	39700	4344
39801.9	39800	7240
39902.9	39900	7240
40034.8	40000	13032
40101	40100	8688
40240.9	40200	11584
40306.9	40300	10136
40455.9	40400	20272
40522.9	40500	11584
40728	40600	0
40728	40700	0
40801.8	40800	17376
40922.9	40900	15928
41145.9	41000	5792
41146	41100	0
41209.9	41200	1448
41352.9	41300	24616
41417.9	41400	10136
41667.9	41500	4344
41667.9	41600	0
41701.9	41700	0
41800.9	41800	20272
41915.9	41900	10136
42000.9	42000	10136
42132.9	42100	17376
42203.9	42200	13032
42319.9	42300	17376
42409.9	42400	14480
42653	42500	7240
42653.9	42600	0
42727	42700	0
42997.9	42800	26064
42998	42900	0
43201	43000	0
43201.1	43100	0
43201.2	43200	0
43333	43300	18824
43400	43400	13032
43529.9	43500	14480
43612.9	43600	13032
43714.9	43700	17376
44006	43800	11584
44006.1	43900	0
44006.1	44000	0
44340	44100	21720
44340.1	44200	0
44340.1	44300	0
44404	44400	0
44515	44500	23168
44600	44600	8688
44708	44700	13032
44805	44800	14480
45041	44900	1448
45041	45000	0
45106	45100	0
