0	0	1
129.973	100	15928
203.009	200	28960
302.051	300	59368
403.984	400	114392
500.907	500	228784
600.919	600	266432
700.958	700	125976
855.052	800	390960
900.047	900	125976
1001.03	1000	43440
1100.02	1100	266432
1200.15	1200	356208
1301.04	1300	0
1400.96	1400	689248
1501.03	1500	270776
1600.97	1600	266432
1701.98	1700	269328
1804	1800	278016
1900.96	1900	263536
2000.97	2000	269328
2100.97	2100	269328
2200.93	2200	272224
2301.21	2300	266432
2401.96	2400	272224
2501.94	2500	269328
2600.99	2600	254848
2700.99	2700	246160
2804.02	2800	269328
2900.04	2900	260640
3002.29	3000	283808
3100.97	3100	269328
3204.03	3200	263536
3300.02	3300	257744
3401.01	3400	286704
3500.95	3500	269328
3604.04	3600	266432
3700.06	3700	257744
3803.95	3800	289600
3901	3900	266432
4004.05	4000	289600
4100.07	4100	260640
4200	4200	275120
4301.22	4300	275120
4400.01	4400	266432
4501.03	4500	275120
4600.97	4600	269328
4700.03	4700	269328
4800.97	4800	269328
4900.99	4900	266432
5000.06	5000	272224
5101.05	5100	269328
5201.02	5200	266432
5302	5300	272224
5400	5400	266432
5500.08	5500	272224
5601.99	5600	272224
5701.05	5700	266432
5808.03	5800	282360
5909.11	5900	260640
6000.08	6000	260640
6101.06	6100	278016
6200.07	6200	201272
6301.11	6300	49232
6400.01	6400	401096
6501.09	6500	185344
6606.08	6600	231680
6702.16	6700	199824
6804.04	6800	220096
6900.03	6900	202720
7000.16	7000	202720
7100.02	7100	211408
7200.13	7200	202720
7300.04	7300	208512
7400.03	7400	205616
7500.06	7500	188240
7600.2	7600	211408
7700.03	7700	211408
7800.03	7800	214304
7902.04	7900	214304
8001.06	8000	202720
8100.05	8100	205616
8200.08	8200	208512
8308.05	8300	202720
8400.05	8400	188240
8500.15	8500	208512
8600.09	8600	205616
8702.08	8700	211408
8802.12	8800	199824
8905.07	8900	211408
9002.21	9000	182448
9103.14	9100	217200
9202.17	9200	205616
9301.1	9300	220096
9402.11	9400	208512
9500.13	9500	205616
9600.19	9600	202720
9700.06	9700	208512
9801.17	9800	163624
9900.36	9900	0
10006.2	10000	237472
10135.1	10100	141904
10227.1	10200	104256
10306.3	10300	56472
10412.2	10400	59368
10515.1	10500	98464
10620.1	10600	94120
10700.1	10700	79640
10801.2	10800	115840
10902.1	10900	115840
11000.6	11000	115840
11100.1	11100	121632
11201.9	11200	118736
11304.1	11300	124528
11400.1	11400	118736
11500.1	11500	121632
11606.1	11600	124528
11702.1	11700	118736
11802.2	11800	115840
11904.1	11900	136112
12000.4	12000	118736
12101.1	12100	121632
12200.1	12200	121632
12301.1	12300	121632
12400.2	12400	118736
12500.1	12500	121632
12601.1	12600	121632
12700.1	12700	121632
12801.3	12800	121632
12900.1	12900	118736
13001.1	13000	124528
13101.1	13100	118736
13200.2	13200	118736
13303.2	13300	121632
13400.3	13400	72400
13504.2	13500	11584
13601.1	13600	91224
13706.2	13700	52128
13802.6	13800	17376
13900.2	13900	107152
14012.3	14000	44888
14188.4	14100	0
14396.3	14200	0
14396.4	14300	0
14400.3	14400	0
14502.2	14500	62264
14603.2	14600	47784
14701.2	14700	49232
14803.2	14800	55024
14908.2	14900	57920
15004.3	15000	49232
15101.2	15100	53576
15200.2	15200	52128
15303.3	15300	13032
15401.3	15400	52128
15508.3	15500	98464
15606.3	15600	53576
15700.3	15700	0
15801.2	15800	63712
15905.2	15900	101360
16001.3	16000	52128
16101.2	16100	13032
16202.2	16200	95568
16305.2	16300	53576
16402.3	16400	5792
16502.4	16500	60816
16601.3	16600	94120
16703.4	16700	55024
16800.2	16800	11584
16902.2	16900	46336
17125.3	17000	50680
17125.5	17100	0
17200.3	17200	1448
17300.3	17300	91224
17401.2	17400	72400
17504.2	17500	78192
17600.4	17600	75296
17700.2	17700	86880
17801.2	17800	86880
17904.3	17900	83984
18000.3	18000	83984
18101.3	18100	81088
18202.3	18200	89776
18304.3	18300	86880
18400.3	18400	69504
18501.3	18500	0
18600.3	18600	182448
18702.3	18700	92672
18800.3	18800	81088
18903.4	18900	4344
19000.3	19000	160728
19103.3	19100	88328
19206.4	19200	89776
19303.3	19300	78192
19402.3	19400	43440
19501.3	19500	94120
19600.3	19600	120184
19700.3	19700	86880
19811.3	19800	92672
19901.3	19900	34752
20000.3	20000	82536
20101.3	20100	128872
20201.3	20200	86880
20301.3	20300	83984
20401.3	20400	82536
20500.3	20500	0
20601.3	20600	166520
20701.3	20700	44888
20804.3	20800	121632
20903.3	20900	81088
21003.4	21000	92672
21102.3	21100	78192
21205.3	21200	86880
21300.3	21300	81088
21402.3	21400	65160
21500.3	21500	31856
21600.3	21600	163624
21700.4	21700	83984
21801.3	21800	69504
21900.4	21900	72400
22000.3	22000	112944
22102.5	22100	86880
22201.3	22200	83984
22302	22300	86880
22400.4	22400	18824
22501.3	22500	65160
22601.3	22600	167968
22703.3	22700	86880
22803.3	22800	83984
22901.3	22900	13032
23001.4	23000	156384
23102.4	23100	85432
23201.3	23200	83984
23300.3	23300	69504
23400.4	23400	15928
23500.4	23500	167968
23602.3	23600	86880
23702.3	23700	83984
23800.4	23800	83984
23902.4	23900	33304
24001.4	24000	65160
24100.4	24100	154936
24202.4	24200	83984
24301.4	24300	36200
24404.4	24400	127424
24502.4	24500	81088
24602.4	24600	86880
24700.4	24700	83984
24806.4	24800	86880
24902.4	24900	81088
25004.4	25000	81088
25103.5	25100	83984
25206.5	25200	0
25302.5	25300	110048
25400.4	25400	143352
25501.4	25500	92672
25608.5	25600	83984
25705.5	25700	83984
25801.5	25800	81088
25901.5	25900	89776
26009.5	26000	86880
26104.5	26100	78192
26200.5	26200	46336
26312.5	26300	130320
26408.5	26400	83984
26504.5	26500	81088
26602.5	26600	86880
26703.6	26700	76744
26801.5	26800	0
26902.5	26900	176656
27003.6	27000	92672
27108.6	27100	89776
27204.4	27200	69504
27301.5	27300	0
27406.5	27400	183896
27502.4	27500	81088
27602.5	27600	83984
27700.6	27700	68056
27801.5	27800	8688
27900.5	27900	147696
28000.5	28000	104256
28105.6	28100	86880
28202.5	28200	83984
28302.5	28300	83984
28404.5	28400	86880
28503.6	28500	83984
28602.5	28600	83984
28702.6	28700	83984
28800.5	28800	28960
28905.6	28900	143352
29003.5	29000	83984
29103.5	29100	83984
29204.6	29200	83984
29304.6	29300	43440
