0	0	1
127.977	100	15928
234.034	200	36200
300.996	300	52128
400.001	400	154936
501.062	500	224440
600.04	600	267880
701.004	700	112944
842.032	800	402544
918.109	900	33304
1045	1000	65160
1109.01	1100	34752
1229.03	1200	72400
1302.82	1300	40544
1423.99	1400	79640
1500.1	1500	52128
1614.02	1600	76744
1702.08	1700	50680
1818.01	1800	92672
1904.03	1900	52128
2028.04	2000	82536
2103.03	2100	55024
2202.07	2200	85432
2316.08	2300	83984
2400.11	2400	69504
2506.06	2500	107152
2611.11	2600	69504
2700.5	2700	89776
2811.02	2800	107152
2900.04	2900	86880
3007.03	3000	124528
3100	3100	101360
3200.01	3200	121632
3303.12	3300	110048
3409.08	3400	130320
3501.03	3500	127424
3601.04	3600	121632
3700.02	3700	144800
3803.11	3800	124528
3900.01	3900	165072
4002.04	4000	118736
4102.04	4100	173760
4200.02	4200	127424
4308.11	4300	173760
4401.03	4400	144800
4500.06	4500	165072
4600.05	4600	159280
4703.06	4700	167968
4800.05	4800	182448
4901.16	4900	165072
5000.03	5000	188240
5100.44	5100	170864
5201.04	5200	205616
5300.1	5300	170864
5553.21	5400	75296
5553.29	5500	0
5625.18	5600	130320
5702.06	5700	78192
5801.05	5800	139008
5911.12	5900	147696
6004.13	6000	127424
6102.11	6100	147696
6204.1	6200	153488
6302.08	6300	139008
6407.18	6400	176656
6501.16	6500	147696
6607.13	6600	156384
6702.12	6700	167968
6806.18	6800	167968
6906.13	6900	176656
7000.15	7000	167968
7101.17	7100	182448
7201.15	7200	182448
7301.12	7300	185344
7406.12	7400	191136
7500.13	7500	185344
7601.13	7600	196928
7701.2	7700	199824
7800.13	7800	202720
7901.19	7900	202720
8000.14	8000	202720
8100.09	8100	205616
8200.13	8200	202720
8301.14	8300	214304
8401.11	8400	205616
8500.09	8500	208512
8601.18	8600	205616
8700.1	8700	202720
8800.11	8800	211408
8901.19	8900	214304
9001.34	9000	141904
9100.11	9100	162176
9207.2	9200	165072
9306.15	9300	179552
9400.15	9400	156384
9505.23	9500	162176
9601.21	9600	182448
9702.24	9700	147696
9800.15	9800	165072
9900.21	9900	170864
10001.2	10000	165072
10104.2	10100	167968
10202.2	10200	167968
10300.2	10300	159280
10401.2	10400	167968
10504.3	10500	165072
10600.2	10600	162176
10701.2	10700	173760
10801.2	10800	162176
10920.2	10900	199824
11022.2	11000	140456
11112.2	11100	178104
11208.2	11200	144800
11309.2	11300	175208
11400.3	11400	141904
11500.2	11500	175208
11601.2	11600	162176
11704.2	11700	185344
11800.2	11800	150592
11900.2	11900	46336
12001.2	12000	270776
12101.2	12100	167968
12201.2	12200	156384
12301.2	12300	165072
12401.2	12400	167968
12502.2	12500	156384
12600.2	12600	56472
12701.2	12700	8688
12802.2	12800	157832
12910.3	12900	31856
13006.2	13000	115840
13101.2	13100	66608
13200.2	13200	20272
13310.3	13300	139008
13406.3	13400	43440
13505.2	13500	118736
13601.2	13600	65160
13700.3	13700	94120
13803.3	13800	72400
13901.2	13900	78192
14001.2	14000	83984
14103.2	14100	86880
14200.2	14200	83984
14308.2	14300	86880
14402.2	14400	83984
14501.2	14500	83984
14601.2	14600	83984
14700.2	14700	83984
14800.3	14800	83984
14901.2	14900	86880
15005.4	15000	83984
15101.3	15100	81088
15203.2	15200	34752
15308.3	15300	97016
15405.2	15400	98464
15504.3	15500	81088
15757.4	15600	36200
15757.4	15700	0
15978.4	15800	0
15978.5	15900	0
16043.3	16000	7240
16109.3	16100	81088
16362.4	16200	14480
16362.5	16300	0
16423.3	16400	0
16504.3	16500	60816
16602.3	16600	43440
16701.3	16700	52128
16801.3	16800	55024
16904.3	16900	55024
17001.3	17000	52128
17101.3	17100	52128
17201.3	17200	55024
17310.3	17300	57920
17401.3	17400	49232
17502.3	17500	55024
17601.3	17600	52128
17702.3	17700	28960
17811.3	17800	82536
17901.3	17900	44888
18003.3	18000	52128
18101.3	18100	52128
18213.4	18200	57920
18302.3	18300	49232
18404.3	18400	55024
18509.3	18500	55024
18604.3	18600	52128
18701.9	18700	52128
18803.3	18800	55024
18905.3	18900	55024
19004.3	19000	52128
19104.3	19100	55024
19200.3	19200	52128
19305.4	19300	55024
19410.3	19400	55024
19504.4	19500	52128
19601.3	19600	43440
19857.6	19700	0
19857.6	19800	0
19932.4	19900	81088
20009.4	20000	13032
20100.4	20100	39096
20200.3	20200	49232
20302.5	20300	43440
20400.3	20400	49232
20501.3	20500	55024
20601.3	20600	49232
20703.3	20700	55024
20810.3	20800	57920
20905.3	20900	55024
21005.4	21000	52128
21101.4	21100	52128
21210.4	21200	55024
21303.8	21300	55024
21410.5	21400	55024
21505.5	21500	52128
21600.4	21600	49232
21704.4	21700	57920
21810.4	21800	55024
21900.4	21900	49232
22002.4	22000	46336
22101.4	22100	0
22207.4	22200	110048
22301.4	22300	40544
22404	22400	49232
22509.4	22500	52128
22606.4	22600	49232
22704.5	22700	49232
22800.4	22800	49232
22909.4	22900	60816
23000.4	23000	49232
23110.4	23100	55024
23201.4	23200	55024
23301.4	23300	66608
23566.5	23400	20272
23566.6	23500	0
23603.7	23600	0
23702.4	23700	78192
23800.4	23800	55024
23901.4	23900	43440
24009.4	24000	60816
24102.4	24100	52128
24201.4	24200	60816
24300.4	24300	63712
24402.4	24400	66608
24500.5	24500	60816
24603.5	24600	75296
24701.5	24700	69504
24802.5	24800	81088
24910.5	24900	78192
25001.5	25000	72400
25101.5	25100	83984
25201.4	25200	83984
25308.5	25300	89776
25407.5	25400	81088
25501.4	25500	83984
25600.5	25600	83984
25700.5	25700	83984
25801.5	25800	83984
25901.5	25900	86880
26006.5	26000	88328
26101.5	26100	79640
26201.5	26200	83984
26300.6	26300	83984
26402.5	26400	86880
26501.5	26500	83984
26600.6	26600	81088
26700.5	26700	86880
26801.6	26800	86880
26900.6	26900	92672
27164.7	27000	23168
27164.7	27100	0
27235.6	27200	2896
27307.6	27300	101360
27406.5	27400	69504
27503.6	27500	72400
27602.6	27600	60816
27700.5	27700	78192
27800.6	27800	72400
27900.6	27900	81088
28004.6	28000	81088
28105.6	28100	86880
28205.6	28200	81088
28301.6	28300	83984
28403.6	28400	86880
28507.6	28500	86880
28601.6	28600	81088
28701.5	28700	83984
28801.6	28800	86880
28907.6	28900	86880
29001.5	29000	81088
29102.6	29100	86880
29203.6	29200	83984
29300.6	29300	83984
29408.6	29400	86880
29500.6	29500	81088
29602.6	29600	86880
29703.6	29700	86880
29807.7	29800	83984
29904.5	29900	83984
30001.6	30000	83984
