0	0	1
134.064	100	15928
203.114	200	27512
310.01	300	18824
565.085	400	8688
565.188	500	0
767.131	600	0
767.23	700	0
832.028	800	41992
1037.13	900	0
1037.2	1000	0
1241.17	1100	0
1241.3	1200	0
1306.03	1300	28960
1436.04	1400	53576
1501.01	1500	5792
1766.23	1600	5792
1766.29	1700	0
1833.09	1800	0
1900.04	1900	14480
2175.14	2000	4344
2175.21	2100	0
2240.05	2200	1448
2306.06	2300	8688
2435.14	2400	10136
2501.04	2500	7240
2633.02	2600	18824
2700.03	2700	11584
2833.04	2800	27512
2900.02	2900	17376
3125.14	3000	4344
3125.22	3100	0
3201.05	3200	20272
3318.06	3300	11584
3407.09	3400	13032
3519.12	3500	17376
3668.06	3600	11584
3807.28	3700	0
3807.39	3800	0
4011.35	3900	0
4011.45	4000	0
4141.07	4100	26064
4206.06	4200	8688
4340.16	4300	23168
4408.11	4400	7240
4568.59	4500	0
4631.18	4600	0
4707.14	4700	20272
4824.13	4800	15928
4910.05	4900	14480
5012.09	5000	14480
5100.07	5100	20272
5215.14	5200	26064
5314.15	5300	27512
5439.19	5400	34752
5512.15	5500	20272
5632.15	5600	47784
5709.08	5700	28960
5801.1	5800	40544
5904.15	5900	43440
6001.09	6000	53576
6102.15	6100	44888
6206.15	6200	55024
6308.16	6300	55024
6400.08	6400	56472
6509.16	6500	66608
6601.15	6600	57920
6710.2	6700	78192
6807.1	6800	66608
6901.16	6900	78192
7001.12	7000	75296
7110.16	7100	69504
7203.15	7200	92672
7301.15	7300	76744
7568.16	7400	53576
7568.22	7500	0
7773.14	7600	0
7775.18	7700	0
7837.15	7800	4344
7904.21	7900	89776
8003.22	8000	65160
8102.12	8100	56472
8202.19	8200	63712
8301.18	8300	65160
8405.21	8400	73848
8507.27	8500	70952
8601.12	8600	63712
8703.26	8700	76744
8800.63	8800	83984
8906.22	8900	86880
9005.16	9000	86880
9104.2	9100	85432
9200.29	9200	83984
9300.14	9300	98464
9402.2	9400	102808
9506.17	9500	92672
9609.16	9600	99912
9705.19	9700	105704
9806.26	9800	89776
10030.2	9900	24616
10030.3	10000	0
10106.2	10100	78192
10223.4	10200	86880
10302.2	10300	55024
10530.2	10400	23168
10530.3	10500	0
10600.2	10600	62264
10727.3	10700	72400
10800.2	10800	55024
10904.2	10900	83984
11009.2	11000	79640
11108.2	11100	78192
11212.3	11200	94120
11300.2	11300	82536
11401.2	11400	78192
11501.2	11500	104256
11601.2	11600	92672
11700.2	11700	89776
11802.2	11800	104256
11900.2	11900	110048
12004.3	12000	97016
12296.3	12100	107152
12296.4	12200	0
12300.2	12300	0
12424.2	12400	117288
12509.2	12500	57920
12601.9	12600	88328
12721.3	12700	85432
12812.3	12800	75296
12900.2	12900	107152
13000.2	13000	69504
13102.3	13100	83984
13206.2	13200	124528
13328.2	13300	75296
13493.3	13400	0
13500.3	13500	0
13617.2	13600	104256
13708.3	13700	62264
13806.2	13800	98464
13900.3	13900	68056
14007.3	14000	73848
14100.3	14100	95568
14201.2	14200	94120
14300.2	14300	94120
14503.3	14400	0
14505.3	14500	0
14623.3	14600	102808
14708.3	14700	55024
14804.3	14800	85432
14903.3	14900	78192
15000.3	15000	70952
15101.3	15100	91224
15211.3	15200	92672
15304.3	15300	101360
15405.3	15400	92672
15509.3	15500	99912
15605.4	15600	104256
15704.3	15700	107152
15808.4	15800	114392
15900.3	15900	102808
16004.3	16000	118736
16100.4	16100	125976
16205.3	16200	89776
16306.3	16300	137560
16400.3	16400	118736
16503.8	16500	128872
16602.3	16600	149144
16711.3	16700	133216
16800.3	16800	144800
16900.3	16900	137560
17000.3	17000	147696
17100.4	17100	136112
17200.4	17200	162176
17305.3	17300	153488
17400.3	17400	154936
17506.3	17500	169416
17606.3	17600	146248
17700.4	17700	181000
17807.3	17800	160728
17901.4	17900	169416
18001.4	18000	179552
18103.4	18100	156384
18201.4	18200	188240
18300.3	18300	185344
18401.3	18400	191136
18501.4	18500	173760
18601.4	18600	188240
18706.3	18700	189688
18800.3	18800	189688
18907.4	18900	212856
19013.3	19000	208512
19106.3	19100	176656
19200.4	19200	205616
19300.8	19300	204168
19408.4	19400	202720
19500.4	19500	224440
19601.4	19600	215752
19701.3	19700	214304
19801.4	19800	207064
19906.4	19900	221544
20003.4	20000	153488
20107.4	20100	167968
20203.4	20200	221544
20309	20300	259192
20400.4	20400	230232
20502.4	20500	249056
20606.4	20600	234576
20700.4	20700	256296
20800.4	20800	251952
20900.4	20900	247608
21000.4	21000	254848
21100.4	21100	249056
21200.4	21200	247608
21303.4	21300	246160
21400.4	21400	264984
21500.4	21500	269328
21608.4	21600	269328
21706.4	21700	276568
21801.5	21800	260640
21908.4	21900	273672
22002.4	22000	263536
22101.4	22100	295392
22200.4	22200	276568
22307.5	22300	273672
22400.4	22400	275120
22500.4	22500	292496
22602.5	22600	273672
22706.4	22700	301184
22808.4	22800	305528
22900.4	22900	301184
23001.4	23000	322904
23107.5	23100	296840
23200.4	23200	304080
23309.5	23300	288152
23400.5	23400	299736
23500.5	23500	296840
23600.4	23600	320008
23700.4	23700	325800
23800.4	23800	305528
23902.4	23900	320008
24000.5	24000	325800
24109.5	24100	328696
24201.4	24200	306976
24300.5	24300	348968
24404.5	24400	302632
24500.5	24500	317112
24601.5	24600	311320
24700.5	24700	364896
24800.4	24800	351864
24904.5	24900	327248
25003.5	25000	340280
25106.5	25100	244712
25228.1	25200	318560
25300.4	25300	230232
25401.5	25400	289600
25500.5	25500	346072
25600.5	25600	351864
25700.5	25700	309872
25800.6	25800	333040
25901.5	25900	327248
26000.5	26000	350416
26106.5	26100	338832
26200.7	26200	338832
26301.5	26300	327248
26401.5	26400	359104
26501.5	26500	347520
26601	26600	330144
26700.6	26700	350416
26800.5	26800	353312
26900.5	26900	341728
27000.5	27000	353312
27100.5	27100	356208
27200.5	27200	330144
27301.5	27300	344624
27401.1	27400	373584
27504.5	27500	338832
27604.6	27600	344624
27706.6	27700	367792
27800.6	27800	373584
27901.6	27900	359104
28001.6	28000	359104
28100.6	28100	344624
28204.5	28200	341728
28300.6	28300	362000
28400.5	28400	344624
28502.6	28500	335936
28600.6	28600	388064
28706.6	28700	344624
28807.6	28800	370688
28900.5	28900	367792
29000.5	29000	359104
29102.6	29100	333040
29201.6	29200	376480
29300.5	29300	370688
29403.5	29400	392408
29500.7	29500	305528
29600.6	29600	364896
29700.6	29700	388064
29802.6	29800	327248
29900.6	29900	379376
30005.5	30000	362000
30102.8	30100	327248
30231.6	30200	435848
30323.6	30300	340280
30419.6	30400	314216
30520.6	30500	348968
30603.6	30600	256296
30700.6	30700	351864
30800.6	30800	390960
30900.6	30900	364896
31000.6	31000	376480
31101.7	31100	376480
31200.6	31200	362000
31301.6	31300	375032
31400.7	31400	375032
31500.6	31500	357656
31603.6	31600	356208
31701.6	31700	346072
31800.6	31800	359104
31900.6	31900	382272
32004.6	32000	372136
32100.6	32100	373584
32201.8	32200	353312
32300.7	32300	354760
32401.6	32400	388064
32501.6	32500	340280
32601.6	32600	401096
32700.6	32700	357656
32801.6	32800	379376
32900.6	32900	370688
33000.6	33000	367792
33100.7	33100	375032
33200.6	33200	379376
33300.6	33300	366344
33400.7	33400	360552
33500.6	33500	366344
33600.6	33600	367792
33701.6	33700	370688
33801.7	33800	338832
33900.7	33900	376480
34001.6	34000	389512
34100.7	34100	356208
34205.6	34200	370688
34300.6	34300	395304
34400.7	34400	373584
34502.7	34500	333040
34600.8	34600	139008
34700.7	34700	582096
34802.6	34800	285256
34907.7	34900	357656
35000.7	35000	335936
35104.8	35100	347520
35205.7	35200	269328
35329.7	35300	324352
35425.7	35400	250504
35522.7	35500	251952
35600.7	35600	208512
35700.7	35700	266432
35801.7	35800	370688
35901.7	35900	320008
36000.7	36000	370688
36101.7	36100	346072
36202.7	36200	356208
36300.7	36300	348968
36400.7	36400	363448
36502.7	36500	340280
36600.1	36600	385168
36700.6	36700	379376
36800.7	36800	331592
36900.7	36900	379376
37002.7	37000	341728
37100.7	37100	388064
37200.8	37200	370688
37301.7	37300	373584
37402	37400	392408
37501.8	37500	375032
37600.7	37600	344624
37702.7	37700	354760
37800.7	37800	373584
37900.7	37900	373584
38001	38000	367792
38100.7	38100	359104
38200.7	38200	344624
38301.8	38300	390960
38400.7	38400	331592
38501.8	38500	408336
38600.7	38600	375032
38700.8	38700	377928
38800.8	38800	379376
38900.8	38900	373584
39005.7	39000	344624
39102.7	39100	344624
39200.2	39200	351864
39300.8	39300	353312
39401.8	39400	393856
39500.7	39500	372136
39601.8	39600	369240
39701.8	39700	383720
39801.8	39800	363448
39900.7	39900	360552
40000.2	40000	354760
40105.8	40100	367792
40200.7	40200	392408
40318.8	40300	309872
40485.8	40400	0
40500.8	40500	0
40615.5	40600	498112
40712.8	40700	236024
40801.7	40800	298288
40900.8	40900	325800
41000.7	41000	341728
41103.8	41100	304080
41201.9	41200	335936
41300.8	41300	363448
41400.8	41400	353312
41500.7	41500	359104
41608.8	41600	324352
41700.7	41700	354760
41803.8	41800	354760
41901.8	41900	357656
42008.8	42000	375032
42101.8	42100	360552
42200.9	42200	372136
42301.8	42300	370688
42400.8	42400	347520
42501.8	42500	367792
42600.8	42600	376480
42702.8	42700	340280
42800.8	42800	385168
42900.8	42900	351864
43006.8	43000	372136
43106.8	43100	360552
43200.8	43200	353312
43300	43300	357656
43400	43400	382272
43500	43500	377928
43601.9	43600	338832
43708.9	43700	372136
43800.9	43800	343176
43900.9	43900	363448
44000	44000	364896
44100.9	44100	380824
44200	44200	377928
44300	44300	380824
44401.8	44400	337384
44500	44500	395304
44600	44600	359104
44701.9	44700	377928
44800.9	44800	363448
44901.9	44900	346072
45001	45000	373584
45105.9	45100	363448
45201	45200	350416
45301.9	45300	385168
45419	45400	260640
45582.1	45500	0
45600	45600	0
45723.9	45700	480736
45805.9	45800	224440
45900	45900	269328
46000.9	46000	324352
