0	0	1
129.111	100	15928
228.939	200	36200
320.976	300	52128
402.95	400	154936
508.917	500	270776
602.144	600	331592
700.015	700	244712
805.13	800	78192
901.106	900	515488
1000.09	1000	159280
1101.04	1100	550240
1200.01	1200	328696
1301	1300	309872
1400.96	1400	347520
1501.01	1500	377928
1600.02	1600	359104
1701.01	1700	362000
1800.09	1800	325800
1907.91	1900	383720
2000.94	2000	360552
2100.01	2100	364896
2200.04	2200	338832
2301.06	2300	389512
2400.93	2400	353312
2500.98	2500	367792
2600.03	2600	347520
2700.07	2700	350416
2807.97	2800	375032
2900.09	2900	367792
3002.79	3000	364896
3100.1	3100	367792
3205	3200	356208
3307.13	3300	366344
3404.05	3400	362000
3509.08	3500	360552
3600.02	3600	341728
3701.02	3700	366344
3807.02	3800	362000
3903.07	3900	340280
4001.11	4000	383720
4100.01	4100	354760
4200.04	4200	351864
4300.03	4300	344624
4400.15	4400	379376
4500.13	4500	344624
4600.03	4600	356208
4700.02	4700	367792
4816.01	4800	402544
4911.03	4900	288152
5001.04	5000	269328
5131.05	5100	383720
5229.01	5200	286704
5322.05	5300	262088
5407.05	5400	105704
5501.1	5500	140456
5600.03	5600	335936
5700.12	5700	353312
5800.08	5800	317112
5903.08	5900	362000
6000.07	6000	373584
6100.06	6100	343176
6200.08	6200	331592
6301.08	6300	348968
6408.12	6400	337384
6500.08	6500	341728
6601.1	6600	334488
6700.04	6700	331592
6800.12	6800	362000
6903.12	6900	317112
7000.15	7000	351864
7100.11	7100	337384
7200.14	7200	325800
7300.16	7300	348968
7406.15	7400	346072
7503.12	7500	328696
7600.15	7600	353312
7700.1	7700	340280
7805.14	7800	328696
7900.03	7900	351864
8000.17	8000	327248
8100.07	8100	346072
8200.15	8200	333040
8309.08	8300	315664
8406.14	8400	338832
8500.07	8500	322904
8608.17	8600	346072
8707.07	8700	340280
8800.19	8800	315664
8911.13	8900	312768
9000.11	9000	322904
9100.25	9100	314216
9206.14	9200	314216
9300.19	9300	328696
9404.27	9400	283808
9509.19	9500	356208
9600.22	9600	273672
9705.11	9700	314216
9803.14	9800	322904
9900.12	9900	346072
10010.2	10000	351864
10112.2	10100	301184
10203.2	10200	291048
10300.2	10300	306976
10404.1	10400	259192
10502.2	10500	40544
10609.2	10600	569064
10701.2	10700	260640
10806.1	10800	306976
10902.5	10900	306976
11000.1	11000	289600
11100.3	11100	299736
11205.1	11200	320008
11309.2	11300	304080
11400.2	11400	289600
11500.1	11500	292496
11600.2	11600	305528
11701.2	11700	286704
11802.1	11800	285256
11900.2	11900	293944
12001.1	12000	304080
12100.2	12100	301184
12201.2	12200	298288
12305.2	12300	141904
12410.2	12400	147696
12500.2	12500	492320
12600.2	12600	273672
12700.2	12700	273672
12804.2	12800	254848
12901.2	12900	273672
13000.1	13000	278016
13100.2	13100	275120
13207.2	13200	257744
13301.2	13300	267880
13403.2	13400	280912
13500.2	13500	296840
13600.2	13600	267880
13703.2	13700	243264
13800.2	13800	282360
13904.2	13900	279464
14006.2	14000	230232
14100.2	14100	270776
14200.2	14200	276568
14300.3	14300	260640
14401.2	14400	246160
14502.2	14500	253400
14601.2	14600	278016
14702.3	14700	260640
14801.2	14800	241816
14905.4	14900	231680
15000.2	15000	39096
15100.3	15100	392408
15221.3	15200	241816
15321.3	15300	194032
15403.2	15400	172312
15500.2	15500	263536
15600.2	15600	249056
15700.3	15700	264984
15800.3	15800	254848
15901.3	15900	262088
16001.3	16000	240368
16102.3	16100	243264
16201.3	16200	267880
16302.4	16300	224440
16402.3	16400	230232
16501.3	16500	202720
16602.2	16600	227336
16700.3	16700	233128
16801.2	16800	227336
16900.3	16900	237472
17007.2	17000	225888
17101.4	17100	218648
17200.2	17200	221544
17301.3	17300	221544
17401.3	17400	220096
17504.3	17500	234576
17600.4	17600	207064
17700.3	17700	227336
17802.3	17800	222992
17900.3	17900	186792
18003.5	18000	33304
18205.4	18100	0
18206.3	18200	0
18300.3	18300	402544
18401.3	18400	165072
18502.3	18500	173760
18603.4	18600	150592
18708.3	18700	176656
18802.5	18800	143352
18902.3	18900	178104
19000.3	19000	160728
19103.4	19100	153488
19343.4	19200	66608
19343.5	19300	0
19407.3	19400	0
19506.3	19500	250504
19600.4	19600	134664
19704.3	19700	133216
19951.5	19800	53576
19951.6	19900	0
20023.4	20000	1448
20116.4	20100	212856
20211.4	20200	60816
20309.4	20300	70952
20403.4	20400	66608
20604.5	20500	0
20604.6	20600	0
20806.5	20700	0
20806.6	20800	0
20904.4	20900	152040
21018.4	21000	57920
21103	21100	62264
21201.4	21200	92672
21311.3	21300	72400
21408.4	21400	91224
21627.5	21500	13032
21628.4	21600	0
21833.6	21700	0
21833.7	21800	0
21909.4	21900	85432
22166.5	22000	36200
22166.6	22100	0
22230.4	22200	0
22305.4	22300	75296
22401.5	22400	52128
22646.5	22500	7240
22646.6	22600	0
22851.5	22700	0
22852.5	22800	0
22918.4	22900	14480
23040.4	23000	69504
23104.4	23100	26064
23204.4	23200	33304
23414.5	23300	4344
23414.6	23400	0
23542.4	23500	46336
23765.5	23600	11584
23971.5	23700	0
23971.6	23800	0
23971.6	23900	0
24037.5	24000	1448
24101.5	24100	31856
24232.5	24200	34752
24307.4	24300	18824
24427.4	24400	31856
24509.4	24500	20272
24600.5	24600	31856
24705.5	24700	30408
24800.4	24800	26064
24909.5	24900	40544
25000.5	25000	27512
25103.4	25100	44888
25215.4	25200	28960
25306.4	25300	46336
25406.5	25400	36200
25540.4	25500	41992
25698.6	25600	0
25700.5	25700	0
25828.5	25800	49232
25911.5	25900	23168
26002.5	26000	44888
26107.5	26100	26064
26208.5	26200	43440
26313.5	26300	33304
26400.5	26400	39096
26507.5	26500	40544
26600.7	26600	36200
26704.5	26700	50680
26805.5	26800	41992
26900.5	26900	47784
27170.5	27000	27512
27170.6	27100	0
27235.5	27200	1448
27301.5	27300	56472
27431.5	27400	49232
27506.5	27500	34752
27622.5	27600	47784
27718.5	27700	34752
27806.4	27800	39096
27913.5	27900	50680
28009.5	28000	40544
28109.5	28100	50680
28403.5	28200	37648
28403.6	28300	0
28403.6	28400	0
28555.5	28500	60816
28620.5	28600	24616
28831.6	28700	7240
28831.7	28800	0
29100.7	28900	0
29100.8	29000	0
29100.9	29100	0
29240.5	29200	60816
29507.6	29300	18824
29507.7	29400	0
29507.8	29500	0
29600.5	29600	34752
29703.6	29700	18824
29916.7	29800	8688
29916.8	29900	0
30055.5	30000	28960
30263.5	30100	0
30263.6	30200	0
30467.6	30300	0
30467.7	30400	0
30541.6	30500	5792
30740.6	30600	0
30741.5	30700	0
30944.7	30800	0
30945.6	30900	0
31010.6	31000	10136
31213.7	31100	8688
31213.8	31200	0
31361.6	31300	1448
31627.7	31400	10136
31627.7	31500	0
31627.8	31600	0
31727.5	31700	11584
31822.6	31800	7240
31934.6	31900	10136
32003.5	32000	8688
32135.6	32100	13032
32201.6	32200	8688
32330.6	32300	15928
32415.6	32400	4344
32561.7	32500	0
32626.6	32600	0
32895.6	32700	20272
32895.7	32800	0
32960.6	32900	0
33027.7	33000	14480
33101.5	33100	11584
33224.6	33200	11584
33303.6	33300	14480
33431.7	33400	13032
33501.6	33500	13032
33765.7	33600	7240
33766.6	33700	0
33832.7	33800	0
33900.5	33900	23168
34031.6	34000	17376
34102.6	34100	8688
34332.7	34200	4344
34332.8	34300	0
34400.6	34400	11584
34526.7	34500	11584
34735.7	34600	0
34735.8	34700	0
34969.7	34800	0
34970.6	34900	1448
35034.7	35000	4344
35103.6	35100	0
35232.7	35200	11584
35305.7	35300	11584
35437.7	35400	7240
35503.7	35500	5792
35620.7	35600	11584
35700.7	35700	10136
35818.7	35800	15928
35911.7	35900	13032
36052.8	36000	20272
36102.6	36100	10136
36239.7	36200	1448
36333.7	36300	0
36401.7	36400	17376
36670.8	36500	7240
36671.7	36600	0
36736.6	36700	0
36940.7	36800	0
36940.8	36900	0
37005.7	37000	1448
37213.7	37100	13032
37213.9	37200	0
37482.7	37300	0
37482.8	37400	5792
37547.6	37500	0
37612.7	37600	0
37742.7	37700	8688
37808.7	37800	4344
37939.7	37900	8688
38006	38000	7240
38115.7	38100	10136
38207.7	38200	11584
38476.8	38300	5792
38476.8	38400	0
38680.8	38500	0
38681.7	38600	1448
38754.7	38700	5792
38820.7	38800	0
38952.7	38900	14480
39016.7	39000	7240
39102.7	39100	15928
39230.8	39200	14480
39303.7	39300	11584
39407.7	39400	13032
39636.8	39500	0
39636.9	39600	0
39840.8	39700	0
39840.9	39800	0
39905.7	39900	10136
40109.9	40000	0
40110	40100	0
40382.9	40200	8688
40382.9	40300	0
40447.8	40400	7240
40512.7	40500	8688
40642.7	40600	11584
40710.7	40700	7240
40831.7	40800	13032
41053.7	40900	0
41054.7	41000	0
41127.8	41100	1448
41209.7	41200	18824
41323.7	41300	11584
41595.8	41400	8688
41595.9	41500	0
41660.7	41600	0
41924.8	41700	1448
41924.9	41800	7240
41924.9	41900	0
42054.7	42000	8688
42119.8	42100	7240
42257.9	42200	18824
42324.9	42300	5792
42400	42400	14480
42533.8	42500	14480
42601.8	42600	11584
42734.8	42700	23168
42807.8	42800	11584
42903.7	42900	17376
43007.8	43000	23168
43273.8	43100	11584
43273.9	43200	0
43339.8	43300	0
43413.8	43400	27512
43526.8	43500	13032
43690.9	43600	0
43756.8	43700	1448
43820.8	43800	17376
43936.8	43900	18824
44002.8	44000	7240
44203.9	44100	0
44204	44200	0
44302.8	44300	18824
44404.8	44400	11584
44666	44500	7240
44666.1	44600	0
44732.9	44700	0
44801.9	44800	17376
44951.9	44900	15928
45017.8	45000	7240
45121.9	45100	14480
45216.8	45200	11584
