0	0	1
129.052	100	15928
204.593	200	39096
300.087	300	83984
400.028	400	111496
502.032	500	276568
606.011	600	272224
706.052	700	357656
801.09	800	195480
900.103	900	11584
1006.01	1000	596576
1102.04	1100	283808
1200.04	1200	53576
1300.1	1300	508248
1401.05	1400	372136
1507.04	1500	379376
1600.02	1600	356208
1700.05	1700	346072
1800.05	1800	351864
1900.09	1900	382272
2001.06	2000	215752
2100.11	2100	230232
2205.08	2200	619744
2300	2300	335936
2400.07	2400	350416
2505.06	2500	376480
2601.1	2600	37648
2704.06	2700	677664
2801.05	2800	362000
2908.12	2900	359104
3002.05	3000	110048
3273.16	3100	2896
3273.28	3200	0
3300.13	3300	0
3401.05	3400	296840
3506.43	3500	706624
3600.15	3600	65160
3700.07	3700	39096
3803.1	3800	108600
3908.14	3900	66608
4004.12	4000	1448
4104.42	4100	579200
4200.15	4200	670424
4310.1	4300	322904
4400.99	4400	0
4501.3	4500	0
4603.1	4600	350416
4700.09	4700	713864
4800.66	4800	165072
4902.11	4900	0
5001.22	5000	0
5101.14	5100	907896
5200.14	5200	263536
5302.19	5300	1448
5401.98	5400	0
5500.06	5500	276568
5600.09	5600	797848
5701.12	5700	57920
5803.13	5800	0
5900.19	5900	480736
6017.09	6000	615400
6100.13	6100	221544
6201.14	6200	272224
6301.12	6300	89776
6401.43	6400	0
6500.15	6500	121632
6600.34	6600	874592
6866.2	6700	66608
6869.15	6800	0
6900.17	6900	0
7007.15	7000	0
7100.12	7100	41992
7200.2	7200	771784
7300.16	7300	31856
7400.2	7400	5792
7500.19	7500	450328
7600.13	7600	125976
7700.17	7700	40544
7800.24	7800	133216
7900.17	7900	0
8000.36	8000	472048
8101.16	8100	224440
8202.12	8200	571960
8307.14	8300	212856
8405.14	8400	207064
8511.14	8500	215752
8719.29	8600	27512
8719.36	8700	0
8937.19	8800	0
8940.17	8900	0
9000.23	9000	0
9102.19	9100	440192
9200.18	9200	207064
9301.21	9300	209960
9400.19	9400	198376
9500.15	9500	202720
9601.21	9600	214304
9702.19	9700	192584
9800.22	9800	212856
9901.14	9900	205616
10001.2	10000	205616
10101.1	10100	205616
10200.2	10200	204168
10325.2	10300	118736
10470.2	10400	28960
10545.3	10500	5792
10620.2	10600	14480
10700.2	10700	31856
10800.3	10800	152040
10904.2	10900	0
11003.3	11000	4344
11101.4	11100	283808
11200.2	11200	0
11308.3	11300	2896
11400.2	11400	34752
11500.2	11500	17376
11606.2	11600	0
11702.2	11700	144800
11800.3	11800	0
11903.1	11900	13032
12002.3	12000	0
12102.3	12100	0
12204.3	12200	419920
12300.3	12300	0
12402.2	12400	359104
12502.4	12500	0
12600.2	12600	0
12700.3	12700	156384
12802.3	12800	0
12902.6	12900	217200
13000.3	13000	250504
13100.3	13100	0
13200.3	13200	104256
13305.3	13300	344624
13403.4	13400	0
13500.3	13500	0
13603.3	13600	366344
13700.3	13700	348968
13800.3	13800	338832
14082.3	13900	0
14086.7	14000	0
14102.5	14100	0
14204.4	14200	114392
14427.4	14300	21720
14428.3	14400	0
14627.3	14500	0
14628.3	14600	0
14701.3	14700	0
14802.3	14800	107152
14901.6	14900	0
15001.3	15000	23168
15101.3	15100	20272
15201.2	15200	26064
15302.3	15300	0
15402.4	15400	0
15501.3	15500	0
15600.3	15600	0
15700.5	15700	320008
15801.3	15800	247608
15900.3	15900	49232
16004.3	16000	0
16102.6	16100	0
16202.3	16200	127424
16300.3	16300	91224
16400.3	16400	53576
16502.4	16500	55024
16601.3	16600	23168
16701.5	16700	0
16800.4	16800	0
16907.4	16900	192584
17001.3	17000	52128
17103.3	17100	8688
17201.3	17200	0
17300.3	17300	152040
17400.3	17400	66608
17678.5	17500	31856
17678.6	17600	0
17747.3	17700	0
17814.4	17800	2896
17900.3	17900	121632
18005.3	18000	55024
18101.3	18100	52128
18203.3	18200	55024
18309.3	18300	55024
18401.3	18400	52128
18506.3	18500	52128
18605.4	18600	57920
18701.3	18700	49232
18811.4	18800	55024
18913.4	18900	59368
19001.4	19000	43440
19102.4	19100	57920
19201.4	19200	49232
19301.4	19300	57920
19409.4	19400	57920
19502.3	19500	46336
19600.5	19600	57920
19712.4	19700	55024
19815.4	19800	55024
19913.4	19900	55024
20002.3	20000	49232
20101.4	20100	49232
20202.4	20200	55024
20305.5	20300	52128
20403.4	20400	55024
20505.4	20500	55024
20626.4	20600	65160
20704.4	20700	40544
20803.4	20800	55024
20903.4	20900	57920
21000.4	21000	60816
21271.4	21100	28960
21272.4	21200	0
21339.4	21300	0
21400.4	21400	0
21501.4	21500	162176
21604.4	21600	55024
21700.4	21700	52128
21800.4	21800	30408
21900.4	21900	0
22001.4	22000	0
22103.1	22100	133216
22202.4	22200	40544
22301.4	22300	79640
22400.4	22400	36200
22501.4	22500	110048
22604.4	22600	55024
22700.5	22700	52128
22800.4	22800	52128
22902.4	22900	14480
23001.4	23000	0
23101.5	23100	147696
23201.4	23200	55024
23305.6	23300	55024
23401.4	23400	52128
23502.4	23500	2896
23600.4	23600	0
23700.4	23700	157832
23803.4	23800	55024
23902.4	23900	52128
24000.4	24000	17376
24102.5	24100	0
24201.5	24200	143352
24303.5	24300	55024
24401.5	24400	52128
24502.4	24500	40544
24975.7	24600	0
24975.8	24700	0
24975.8	24800	0
24975.8	24900	0
25049.6	25000	17376
25101.5	25100	123080
25202.6	25200	52128
25305.5	25300	55024
25403.6	25400	52128
25501.5	25500	55024
25613.7	25600	60816
25706.5	25700	44888
25802.5	25800	55024
25902.5	25900	55024
26005.5	26000	52128
26101.6	26100	55024
26202.6	26200	53576
26303.6	26300	55024
26405.6	26400	52128
26501.6	26500	52128
26602.8	26600	20272
26702.6	26700	31856
26805.6	26800	111496
26901.5	26900	52128
27002.6	27000	52128
27103.5	27100	44888
27210.5	27200	14480
27303.5	27300	107152
27408.6	27400	57920
27509.7	27500	52128
27604.5	27600	52128
27702.6	27700	28960
27801.6	27800	26064
27900.6	27900	105704
28004.6	28000	24616
28114.6	28100	8688
28220.6	28200	11584
28471.8	28300	21720
28471.9	28400	0
28544.6	28500	78192
28601.7	28600	40544
28704.6	28700	52128
28800.6	28800	63712
28902.6	28900	69504
29006.6	29000	66608
29101.6	29100	72400
29202.6	29200	72400
29305.5	29300	92672
29401.6	29400	78192
29500.6	29500	92672
29600.6	29600	86880
29706.7	29700	107152
29805.7	29800	107152
29909.7	29900	112944
30003.7	30000	107152
30100.6	30100	107152
30202.6	30200	133216
30300.6	30300	121632
30400.6	30400	144800
30501.6	30500	146248
30608.6	30600	157832
30703.6	30700	141904
30803.7	30800	144800
31021.8	30900	21720
31023.6	31000	0
31100.6	31100	230232
31201.6	31200	169416
31300.6	31300	163624
31400.6	31400	182448
