0	0	1
150.01	100	15928
213.044	200	28960
315.017	300	20272
400.965	400	69504
500.056	500	185344
601.073	600	253400
700.078	700	270776
800.035	800	50680
900.064	900	427160
1000.28	1000	251952
1100.1	1100	89776
1200.01	1200	341728
1301.03	1300	208512
1401.1	1400	92672
1500.12	1500	5792
1601.02	1600	485080
1701.15	1700	40544
1801.17	1800	121632
1900.06	1900	65160
2000.1	2000	191136
2100.1	2100	0
2202.08	2200	0
2301.1	2300	280912
2405.07	2400	0
2501.09	2500	0
2600.07	2600	0
2701.18	2700	0
2965.18	2800	793504
2965.22	2900	1448
3000.23	3000	1448
3100.14	3100	144800
3202.09	3200	169416
3300.08	3300	79640
3400.12	3400	92672
3500.12	3500	314216
3600.14	3600	0
3700.12	3700	57920
3800.14	3800	305528
3900.03	3900	196928
4000.06	4000	392408
4102.13	4100	208512
4200.1	4200	208512
4300.1	4300	254848
4400.08	4400	257744
4500.09	4500	220096
4601.26	4600	211408
4700.12	4700	211408
4800.07	4800	196928
4900.15	4900	205616
5001.08	5000	208512
5102.15	5100	208512
5201.15	5200	205616
5302.1	5300	173760
5400.19	5400	202720
5500.19	5500	211408
5600.17	5600	205616
5700.09	5700	205616
5800.16	5800	208512
5903.17	5900	191136
6000.18	6000	208512
6100.18	6100	165072
6200.12	6200	97016
6301.3	6300	10136
6405.14	6400	0
6504.19	6500	72400
6604.4	6600	0
6700.2	6700	390960
6800.12	6800	202720
6901.22	6900	2896
7000.19	7000	538656
7100.21	7100	208512
7200.14	7200	202720
7300.19	7300	208512
7400.19	7400	205616
7500.2	7500	208512
7601.15	7600	205616
7700.13	7700	208512
7801.1	7800	205616
7900.1	7900	246160
8002.1	8000	217200
8101.12	8100	202720
8201.11	8200	208512
8300.13	8300	205616
8400.18	8400	60816
8500.27	8500	137560
8601.23	8600	340280
8701.2	8700	75296
8801.19	8800	259192
8901.21	8900	75296
9000.24	9000	104256
9100.2	9100	5792
9200.19	9200	493768
9300.25	9300	487976
9401.19	9400	269328
9500.19	9500	240368
9608.29	9600	225888
9711.19	9700	315664
9815.19	9800	269328
9911.17	9900	250504
10003.2	10000	207064
10113.2	10100	311320
10200.2	10200	282360
10300.4	10300	254848
10400.2	10400	318560
10501.2	10500	343176
10600.2	10600	341728
10700.2	10700	312768
10800.2	10800	269328
10900.3	10900	272224
11001.3	11000	183896
11100.3	11100	18824
11200.2	11200	0
11301.3	11300	26064
11400.3	11400	0
11500.2	11500	0
11607.3	11600	876040
11700.2	11700	382272
11801.2	11800	69504
11900.2	11900	2896
12001.5	12000	4344
12100.2	12100	376480
12201.2	12200	0
12300.2	12300	15928
12401.3	12400	712416
12522.2	12500	181000
12600.3	12600	127424
12700.2	12700	182448
12801.3	12800	167968
12901.3	12900	165072
13000.3	13000	110048
13100.4	13100	60816
13202.2	13200	325800
13302.2	13300	165072
13400.2	13400	163624
13500.4	13500	0
13600.3	13600	191136
13701.3	13700	231680
13800.2	13800	60816
13900.3	13900	181000
14000.2	14000	147696
14100.3	14100	36200
14200.3	14200	479288
14302.3	14300	170864
14403.4	14400	176656
14502	14500	196928
14600.4	14600	185344
14701.2	14700	205616
14803.4	14800	166520
14920.3	14900	198376
15000.3	15000	133216
15100.3	15100	40544
15200.3	15200	291048
15300.3	15300	134664
15401.3	15400	2896
15500.4	15500	118736
15601.3	15600	327248
15700.3	15700	195480
15919.4	15800	114392
15920.3	15900	2896
16003.4	16000	159280
16101.3	16100	194032
16200.3	16200	211408
16300.3	16300	231680
16400.3	16400	234576
16500.3	16500	194032
16600.3	16600	246160
16701.3	16700	254848
16800.3	16800	263536
16900.3	16900	266432
17000.3	17000	275120
17101.4	17100	266432
17203.4	17200	272224
17300.3	17300	266432
17400.3	17400	266432
17500.3	17500	269328
17600.3	17600	272224
17701.3	17700	211408
17801.3	17800	211408
17900.4	17900	4344
18000.3	18000	234576
18100.3	18100	263536
18201.5	18200	2896
18302.4	18300	5792
18403.4	18400	366344
18500.3	18500	146248
18600.4	18600	454672
18700.3	18700	0
18800.4	18800	658840
18900.4	18900	269328
19002.2	19000	266432
19100.5	19100	275120
19201.4	19200	269328
19300.4	19300	260640
19401.5	19400	278016
19501.4	19500	324352
19604	19600	327248
19708.3	19700	146248
19820.4	19800	8688
19949.4	19900	11584
20000.5	20000	162176
20100	20100	292496
20200.5	20200	280912
20342.5	20300	188240
20400.4	20400	153488
20501.4	20500	269328
20600.4	20600	269328
20701.4	20700	139008
20802.4	20800	1448
20900.5	20900	69504
21000.4	21000	147696
21100.5	21100	195480
21200.5	21200	0
21301.5	21300	91224
21400.5	21400	509696
21500.5	21500	915136
21601.4	21600	272224
21700.6	21700	233128
21800.6	21800	47784
21900.5	21900	522728
22001.4	22000	272224
22100.4	22100	286704
22200.4	22200	347520
22300.5	22300	289600
22400.5	22400	295392
22500.4	22500	324352
22600.4	22600	324352
22700.5	22700	292496
22800.5	22800	338832
22900.5	22900	272224
23001.5	23000	359104
23100.5	23100	359104
23202.6	23200	359104
23300.4	23300	353312
23400.6	23400	385168
23500.5	23500	385168
23600.4	23600	385168
23700.4	23700	388064
23801.5	23800	385168
23900.5	23900	388064
24000.5	24000	333040
24100.4	24100	330144
24200.5	24200	466256
24301.5	24300	469152
24400.5	24400	448880
24500.4	24500	431504
24600.4	24600	469152
24700.6	24700	466256
24800.6	24800	351864
24926.5	24900	592232
25021.5	25000	369240
25112.5	25100	532864
25201.5	25200	453224
25301.5	25300	506800
25407.5	25400	469152
25500.6	25500	43440
25600.6	25600	18824
25700.5	25700	897760
25800.6	25800	188240
25900.6	25900	43440
26000.6	26000	0
26102.5	26100	341728
26205.6	26200	0
26300.5	26300	622640
26401.5	26400	0
26500.6	26500	28960
26600.5	26600	0
26708.6	26700	524176
26802.5	26800	1369808
26900.6	26900	105704
27002.6	27000	0
27100.5	27100	162176
27204.6	27200	227336
27300.6	27300	479288
27402.5	27400	635672
27500.5	27500	335936
27600.6	27600	344624
27701.5	27700	373584
27800.7	27800	370688
27902.5	27900	311320
28001.6	28000	373584
28100.5	28100	372136
28201.6	28200	390960
28300.5	28300	377928
28400.6	28400	390960
28502.6	28500	386616
28601.7	28600	385168
28701.6	28700	390960
28800.5	28800	383720
28901.9	28900	383720
29002.6	29000	377928
29103.6	29100	390960
29201.2	29200	379376
29301.6	29300	388064
29401.6	29400	388064
29501.6	29500	356208
29601.6	29600	314216
29701.6	29700	372136
29810.6	29800	399648
29900.6	29900	315664
30017.7	30000	415576
30101.7	30100	0
30202.6	30200	676216
30300.6	30300	417024
30400.6	30400	389512
30503.6	30500	330144
30600.7	30600	514040
30700.6	30700	524176
30801.7	30800	434400
30900.5	30900	402544
31002.6	31000	499560
31100.6	31100	602368
31200.6	31200	130320
31301.6	31300	551688
31416.7	31400	474944
31523.6	31500	18824
31600.6	31600	451776
31700.6	31700	579200
31800.6	31800	567616
31900.6	31900	477840
32000.6	32000	606712
32101.7	32100	583544
32200.7	32200	608160
32300.7	32300	596576
32401.6	32400	583544
32504.7	32500	399648
32600.7	32600	4344
32700.7	32700	31856
32803.6	32800	8688
32901.8	32900	0
33046.7	33000	1970728
33100.1	33100	34752
33200.7	33200	388064
33300.6	33300	143352
33401.8	33400	13032
33500.7	33500	141904
33601.8	33600	0
33702.1	33700	729792
33801.7	33800	861560
33900.7	33900	192584
34000.6	34000	1448
34100.7	34100	10136
34200.7	34200	0
34300.7	34300	24616
34400.7	34400	469152
34500.8	34500	224440
34603.7	34600	330144
34700.8	34700	390960
34800.6	34800	1072968
34900.7	34900	377928
35007.6	35000	362000
35113.7	35100	165072
35200.8	35200	63712
35300.7	35300	835496
35400.7	35400	388064
35501.7	35500	430056
35604.6	35600	445984
35700.7	35700	518384
35805.7	35800	359104
35902.2	35900	547344
36006.7	36000	501008
36106.6	36100	547344
36209.1	36200	392408
36300.7	36300	101360
36400.7	36400	932512
36500.7	36500	380824
36602.7	36600	283808
36700.8	36700	0
36800.8	36800	596576
36968.7	36900	282360
37040.7	37000	17376
37100.7	37100	233128
37201.7	37200	147696
37303.8	37300	11584
37400	37400	224440
37500.7	37500	435848
37602.7	37600	205616
37700	37700	0
37801.8	37800	457568
37900.7	37900	1395872
38001.8	38000	383720
38100.7	38100	390960
38201.8	38200	383720
38301.8	38300	388064
38400.8	38400	383720
38500.7	38500	279464
38604.7	38600	127424
38700.8	38700	117288
38800.8	38800	402544
38905.7	38900	624088
39005.7	39000	317112
39100.7	39100	428608
39270.7	39200	275120
39302.8	39300	55024
39400.8	39400	424264
39500.7	39500	415576
39642.8	39600	186792
39701.7	39700	124528
39802.8	39800	456120
39916.8	39900	550240
40023.8	40000	17376
40125.8	40100	438744
40211.8	40200	538656
40317.8	40300	181000
40400.8	40400	275120
40500.8	40500	547344
40610.8	40600	373584
40700.9	40700	506800
40802	40800	593680
40900.9	40900	298288
41005.9	41000	590784
41100.8	41100	418472
41200.9	41200	516936
41302.8	41300	472048
41402.9	41400	327248
41500.9	41500	0
41601.9	41600	684904
41700.8	41700	212856
41801	41800	1448
41900.9	41900	909344
42050.8	42000	5792
42100.8	42100	41992
42200.9	42200	946992
42300	42300	156384
42400.9	42400	501008
42500.9	42500	383720
42601.9	42600	392408
42705.8	42700	369240
42805.9	42800	311320
42901.8	42900	240368
43004.8	43000	266432
43100.9	43100	0
43200.8	43200	768888
43305.9	43300	236024
43401.8	43400	241816
43500.8	43500	373584
43601.8	43600	362000
43700.9	43700	353312
43802.9	43800	330144
43900.9	43900	208512
44000.8	44000	7240
44100	44100	399648
44200.9	44200	0
44300	44300	298288
44400.9	44400	208512
44500.9	44500	0
44600	44600	600920
44701	44700	383720
44800.8	44800	1039664
44928.9	44900	474944
45019.8	45000	331592
45105.8	45100	414128
45226.9	45200	593680
45315.9	45300	311320
45406.9	45400	441640
45529.9	45500	185344
45658.9	45600	11584
45722.9	45700	5792
45800.9	45800	65160
45901.9	45900	470600
46001.9	46000	380824
46100	46100	225888
46200	46200	75296
46300	46300	776128
46400	46400	92672
46500.1	46500	191136
46600	46600	0
46700	46700	0
46800	46800	1219216
46900	46900	127424
47000.1	47000	338832
47100.9	47100	538656
47200	47200	55024
47301	47300	0
47400	47400	516936
47500	47500	910792
47600.1	47600	147696
47701.9	47700	524176
47800	47800	137560
47900	47900	897760
48000.1	48000	167968
48108.9	48100	822464
48201.1	48200	479288
48300	48300	379376
48400	48400	389512
48663.1	48500	244712
48665	48600	0
48700	48700	0
48800.1	48800	0
48902.5	48900	1097584
49007	49000	327248
49103.9	49100	431504
49200	49200	459016
49300.1	49300	464808
49401	49400	514040
49500.9	49500	569064
49600	49600	508248
49701.1	49700	595128
49800	49800	605264
49903.9	49900	541552
50000	50000	625536
50100	50100	502456
50200	50200	613952
50300	50300	600920
50400.1	50400	593680
50500	50500	609608
50600	50600	398200
50700	50700	596576
50877	50800	201272
50901	50900	72400
51000	51000	598024
51100	51100	602368
51201	51200	599472
51502.1	51300	424264
51504	51400	0
51505	51500	0
51704.2	51600	0
51704.3	51700	0
51800.2	51800	178104
51900	51900	1294512
52000	52000	8688
52100	52100	7240
52201.2	52200	906448
52300	52300	7240
52400	52400	964368
52500.1	52500	495216
52603.2	52600	0
52701.1	52700	0
52800.2	52800	101360
52900.1	52900	638568
53000	53000	1094688
53101	53100	621192
53200	53200	333040
53300.1	53300	27512
53400.1	53400	618296
53500.1	53500	667528
53600	53600	421368
53700.1	53700	272224
53801.1	53800	0
53906.2	53900	0
54000.1	54000	492320
54100.1	54100	204168
54200	54200	1196048
54300.1	54300	518384
54401	54400	490872
54500.1	54500	457568
54600.1	54600	217200
54701.1	54700	877488
54804	54800	479288
54900.1	54900	182448
55000.2	55000	0
55100	55100	37648
55200.1	55200	1187360
55300.2	55300	0
55412	55400	944096
55500.2	55500	367792
55605.1	55600	441640
55703.1	55700	432952
55855.1	55800	102808
55900.1	55900	141904
56000.1	56000	380824
56100.2	56100	143352
56200.2	56200	55024
56300.2	56300	938304
56400.2	56400	0
56500.1	56500	923824
56600.2	56600	443088
56700.1	56700	613952
56800.1	56800	584992
56900.1	56900	518384
57000.1	57000	602368
57101.2	57100	595128
57200.1	57200	602368
57301.1	57300	599472
57400.1	57400	593680
57500.2	57500	602368
57600.1	57600	608160
57700.2	57700	589336
57800.2	57800	611056
57900.2	57900	599472
58000.2	58000	602368
58100.1	58100	487976
58201.1	58200	121632
58300.1	58300	221544
58401.2	58400	311320
58500.2	58500	167968
58670.2	58600	159280
58742.2	58700	47784
58818.2	58800	11584
58904.2	58900	851424
59000.2	59000	189688
59100.3	59100	202720
59200.2	59200	1314784
59300.2	59300	110048
59400.2	59400	1081656
59500.1	59500	606712
59601.2	59600	606712
59701.2	59700	590784
59800.2	59800	351864
59900.2	59900	5792
60020.3	60000	1446552
60100.2	60100	600920
60200.1	60200	608160
60305.3	60300	403992
60400.2	60400	0
60502.2	60500	83984
60605.2	60600	1692712
60701.2	60700	515488
60800.2	60800	599472
60905.1	60900	556032
61001.2	61000	592232
61100.3	61100	456120
61200.2	61200	152040
61300.2	61300	1183016
61400.2	61400	373584
61500.2	61500	156384
61600.2	61600	150592
61700.2	61700	1112064
61800.3	61800	767440
61900.3	61900	525624
62000.9	62000	1113512
62101.2	62100	611056
62200.2	62200	586440
62300.2	62300	615400
62400.3	62400	600920
62500.2	62500	583544
62600.2	62600	615400
62700.2	62700	600920
62800.2	62800	602368
62900.2	62900	596576
63000.2	63000	595128
63100.2	63100	561824
63200.2	63200	645808
63300.2	63300	566168
63400.3	63400	564720
63500.2	63500	538656
63600.2	63600	608160
63700.3	63700	516936
63800.2	63800	396752
63900.2	63900	28960
64000.3	64000	0
64100.3	64100	912240
64200.3	64200	218648
64300.3	64300	159280
64400.3	64400	834048
64589.2	64500	1087448
64602.3	64600	2896
64700.2	64700	435848
64800.2	64800	635672
64900.4	64900	583544
65000.3	65000	611056
65101.3	65100	593680
65206.3	65200	638568
65327.3	65300	726896
65426.2	65400	454672
65512.3	65500	658840
65602.2	65600	421368
65722.3	65700	831152
65812.3	65800	545896
65900.2	65900	479288
66000.2	66000	26064
66100.2	66100	1222112
66200.4	66200	434400
66300.3	66300	82536
66400.4	66400	697936
66500.3	66500	631328
66600.3	66600	886176
66701.1	66700	880384
66801.4	66800	596576
66900.6	66900	592232
67000.3	67000	567616
67101.4	67100	616848
67203.3	67200	522728
67300.4	67300	577752
67400.3	67400	448880
67500.3	67500	599472
67603.3	67600	260640
67700.4	67700	550240
67800.3	67800	621192
67901.4	67900	587888
68015.4	68000	561824
68100.3	68100	472048
68200.4	68200	616848
68301.3	68300	600920
68400.4	68400	522728
68500.3	68500	605264
68600.4	68600	521280
68700.3	68700	583544
68872.4	68800	243264
68904.3	68900	2896
69000.3	69000	586440
69100.4	69100	592232
69215.4	69200	143352
69300.4	69300	461912
69400.5	69400	603816
69500.3	69500	482184
69600.4	69600	598024
69700.5	69700	461912
69801	69800	612504
69932.3	69900	570512
70142.4	70000	0
70142.5	70100	0
70207.4	70200	1448
70455.4	70300	36200
70455.8	70400	0
70653.5	70500	0
70653.8	70600	0
70865.4	70700	1448
70865.5	70800	0
71062.4	70900	0
71062.7	71000	0
73037.5	71100	50680
73102.5	71200	0
73102.7	71300	0
73102.7	71400	0
73104.4	71500	2896
73168.5	71600	2896
73168.6	71700	2896
73168.7	71800	2896
73170.4	71900	2896
73233.4	72000	1448
73234.4	72100	1448
73234.5	72200	2896
73236.4	72300	1448
73299.5	72400	1448
73299.7	72500	2896
73299.7	72600	1448
73300.4	72700	1448
73365.5	72800	2896
73365.6	72900	4344
73365.6	73000	1448
73369.5	73100	2896
73369.6	73200	2896
73372.4	73300	4344
73400.4	73400	56472
73634.5	73500	110048
73637.5	73600	0
73837.4	73700	0
73837.6	73800	7240
73902.5	73900	160728
74000.5	74000	117288
74101.5	74100	141904
74201.5	74200	120184
74301.4	74300	99912
74400.4	74400	114392
74500.5	74500	165072
74638.4	74600	104256
74731.5	74700	107152
74817.5	74800	108600
74925.5	74900	72400
75015.5	75000	154936
75103.4	75100	105704
75201.5	75200	133216
75302.5	75300	140456
75402.5	75400	134664
75500.5	75500	143352
75600.5	75600	147696
75701.5	75700	139008
75800.4	75800	120184
75901.5	75900	52128
76001.5	76000	72400
76266.7	76100	0
76266.8	76200	0
76480.7	76300	0
76480.8	76400	0
76504.6	76500	95568
76672.5	76600	0
76879.5	76700	0
76879.7	76800	0
77080.6	76900	0
77082.6	77000	0
77284.6	77100	0
77284.7	77200	0
77350.6	77300	27512
77400.6	77400	372136
77501.5	77500	141904
77601.5	77600	146248
77700.4	77700	163624
77800.4	77800	167968
77900.5	77900	165072
78000.5	78000	170864
78100.5	78100	204168
78204.5	78200	189688
78300.5	78300	169416
78401.5	78400	152040
78500.6	78500	191136
78601.6	78600	202720
78701.5	78700	207064
78801.5	78800	172312
78901.5	78900	165072
79000.5	79000	55024
79100.6	79100	279464
79200.6	79200	110048
79300.5	79300	28960
79400.5	79400	14480
79670.7	79500	11584
79670.8	79600	0
79873.7	79700	0
79873.9	79800	0
80079.6	79900	0
80079.8	80000	0
80283.7	80100	0
80283.9	80200	0
80482.6	80300	2896
80482.8	80400	0
80687.7	80500	0
80688.7	80600	0
80700.6	80700	382272
80801.6	80800	347520
80900.6	80900	95568
81000.7	81000	0
81101.6	81100	0
81200.5	81200	386616
81302.5	81300	124528
81400.6	81400	118736
81607.7	81500	2896
81608.6	81600	0
81821.7	81700	0
81821.8	81800	0
81900.6	81900	185344
82108.6	82000	0
82334.7	82100	0
82334.8	82200	0
82334.8	82300	0
86292.8	82400	2896
92092.9	82500	1448
92157.8	82600	11584
92157.9	82700	0
92159.8	82800	0
92159.9	82900	0
92223.9	83000	1448
92224	83100	17376
92224	83200	1448
92225.8	83300	2896
92288.8	83400	1448
92288.9	83500	8688
92289.8	83600	8688
92290.8	83700	1448
92354.8	83800	4344
92354.9	83900	1448
92355	84000	1448
92355.8	84100	1448
92420.8	84200	1448
92420.8	84300	1448
92422.8	84400	1448
92422.9	84500	1448
92422.9	84600	2896
92426.8	84700	2896
92426.8	84800	2896
92428.9	84900	2896
92428.9	85000	1448
92430.8	85100	1448
92430.8	85200	1448
92433.8	85300	1448
92433.9	85400	5792
92433.9	85500	2896
92435.8	85600	2896
92435.8	85700	2896
92436.8	85800	2896
92438.8	85900	1448
92439.8	86000	1448
92440.8	86100	1448
92441.7	86200	1448
92442.8	86300	2896
92443.7	86400	0
92445.8	86500	2896
92446.8	86600	0
92447.8	86700	2896
92448.7	86800	1448
92449.8	86900	1448
92450.8	87000	1448
92452.8	87100	1448
92453.7	87200	1448
92454.8	87300	1448
92455.8	87400	1448
92456.8	87500	1448
92457.8	87600	1448
92459.8	87700	1448
92460.8	87800	2896
92461.8	87900	4344
92462.8	88000	1448
92463.8	88100	1448
92466.8	88200	2896
92468.8	88300	2896
92471.8	88400	2896
92474.8	88500	2896
92476.8	88600	2896
92478.7	88700	2896
92481.7	88800	2896
92484.8	88900	2896
92485.8	89000	2896
92488.8	89100	2896
92490.8	89200	2896
92492.7	89300	2896
92496.8	89400	2896
92498.8	89500	2896
92500.8	89600	2896
92504.7	89700	2896
92506.8	89800	2896
92508.8	89900	2896
92511.8	90000	2896
92513.8	90100	2896
92516.8	90200	2896
92519.7	90300	2896
92519.8	90400	2896
92524.8	90500	2896
92525.8	90600	2896
92527.8	90700	2896
92530.7	90800	2896
92532.8	90900	2896
92534.8	91000	2896
92537.8	91100	2896
92539.7	91200	2896
92541.8	91300	2896
92544.8	91400	2896
92547.7	91500	2896
92552.8	91600	2896
92555.7	91700	2896
92559.8	91800	2896
92564.7	91900	2896
92566.7	92000	2896
92569.8	92100	2896
92573.8	92200	2896
92577.8	92300	2896
92581.8	92400	2896
92585.8	92500	2896
92603.7	92600	14480
92878.9	92700	50680
92879	92800	0
93123	92900	0
93123.1	93000	0
93123.1	93100	0
104710	93200	2896
118713	93300	5792
118778	93400	4344
118779	93500	1448
118781	93600	5792
118781	93700	2896
118844	93800	1448
118845	93900	2896
118846	94000	1448
118846	94100	5792
118909	94200	5792
118910	94300	2896
118910	94400	2896
118911	94500	0
118976	94600	5792
118976	94700	0
118976	94800	0
118976	94900	0
119042	95000	2896
119042	95100	0
119042	95200	5792
119045	95300	0
119045	95400	0
119049	95500	0
119049	95600	5792
119051	95700	4344
119051	95800	1448
119053	95900	2896
119053	96000	2896
119055	96100	1448
119055	96200	1448
119058	96300	2896
119058	96400	1448
119058	96500	1448
119061	96600	2896
119061	96700	2896
119062	96800	1448
119063	96900	1448
119064	97000	1448
119065	97100	1448
119066	97200	5792
119068	97300	2896
119069	97400	2896
119070	97500	2896
119071	97600	2896
119072	97700	2896
119073	97800	0
119075	97900	1448
119076	98000	4344
119077	98100	0
119078	98200	0
119079	98300	1448
119080	98400	1448
119082	98500	2896
119083	98600	0
119084	98700	1448
119085	98800	1448
119086	98900	1448
119087	99000	1448
119089	99100	1448
119089	99200	2896
119092	99300	1448
119092	99400	2896
119095	99500	1448
119095	99600	1448
119099	99700	1448
119099	99800	1448
119099	99900	1448
119101	100000	1448
119101	100100	2896
119104	100200	2896
119106	100300	2896
119107	100400	2896
119110	100500	2896
119112	100600	2896
119114	100700	2896
119117	100800	2896
119120	100900	2896
119122	101000	2896
119126	101100	2896
119128	101200	2896
119130	101300	2896
119133	101400	2896
119135	101500	2896
119137	101600	2896
119141	101700	2896
119143	101800	2896
119147	101900	2896
119148	102000	2896
119150	102100	2896
119153	102200	2896
119155	102300	2896
119157	102400	2896
119160	102500	2896
119162	102600	2896
119164	102700	2896
119167	102800	2896
119169	102900	2896
119171	103000	2896
119174	103100	2896
119176	103200	2896
119178	103300	2896
119181	103400	2896
119183	103500	2896
119185	103600	2896
119189	103700	2896
119190	103800	2896
119192	103900	2896
119194	104000	2896
119198	104100	2896
119200	104200	2896
119203	104300	2896
119206	104400	2896
119208	104500	2896
119211	104600	2896
119213	104700	2896
119215	104800	2896
119218	104900	2896
119220	105000	2896
119222	105100	2896
119225	105200	2896
119227	105300	2896
119229	105400	2896
119232	105500	2896
119233	105600	2896
119235	105700	2896
119238	105800	2896
119240	105900	2896
119242	106000	2896
119245	106100	2896
119247	106200	2896
119251	106300	2896
119253	106400	2896
119255	106500	2896
119258	106600	2896
119260	106700	2896
119262	106800	2896
119265	106900	2896
119267	107000	2896
119269	107100	2896
119272	107200	2896
119273	107300	2896
119276	107400	2896
119279	107500	2896
119281	107600	2896
119284	107700	2896
119287	107800	2896
119289	107900	2896
119291	108000	2896
119294	108100	2896
119296	108200	2896
119298	108300	2896
119302	108400	2896
119304	108500	2896
119306	108600	2896
119309	108700	2896
119311	108800	2896
119313	108900	2896
119316	109000	2896
119317	109100	2896
119319	109200	2896
119322	109300	2896
119324	109400	2896
119326	109500	2896
119329	109600	2896
119331	109700	2896
119333	109800	2896
119336	109900	2896
119338	110000	2896
119340	110100	2896
119343	110200	2896
119345	110300	2896
119348	110400	2896
119350	110500	2896
119352	110600	2896
119356	110700	2896
119358	110800	2896
119359	110900	2896
119362	111000	2896
119365	111100	2896
119367	111200	2896
119370	111300	2896
119372	111400	2896
119374	111500	2896
119377	111600	2896
119379	111700	2896
119381	111800	2896
119384	111900	2896
119386	112000	2896
119388	112100	2896
119391	112200	2896
119394	112300	2896
119396	112400	2896
119399	112500	2896
119399	112600	2896
119401	112700	2896
119405	112800	2896
119408	112900	2896
119410	113000	2896
119413	113100	2896
119415	113200	2896
119417	113300	2896
119420	113400	2896
119422	113500	2896
119424	113600	2896
119427	113700	2896
119429	113800	2896
119431	113900	2896
119434	114000	2896
119436	114100	2896
119438	114200	2896
119442	114300	2896
119444	114400	2896
119446	114500	2896
119449	114600	2896
119451	114700	2896
119454	114800	2896
119456	114900	2896
119460	115000	2896
119463	115100	2896
119465	115200	2896
119467	115300	2896
119470	115400	2896
119472	115500	2896
119474	115600	2896
119477	115700	2896
119479	115800	2896
119480	115900	2896
119484	116000	2896
119485	116100	2896
119487	116200	2896
119490	116300	2896
119492	116400	2896
119494	116500	2896
119497	116600	2896
119499	116700	2896
119501	116800	2896
119504	116900	2896
119506	117000	2896
119508	117100	2896
119512	117200	2896
119514	117300	2896
119516	117400	2896
119519	117500	2896
119521	117600	2896
119523	117700	2896
119527	117800	2896
119528	117900	2896
119530	118000	2896
119533	118100	2896
119535	118200	2896
119537	118300	2896
119540	118400	2896
119542	118500	2896
119544	118600	2896
119547	118700	2896
119549	118800	2896
119552	118900	2896
119554	119000	2896
119556	119100	2896
119559	119200	2896
119562	119300	2896
119564	119400	2896
119567	119500	2896
119602	119600	43440
119700	119700	118736
119801	119800	121632
119900	119900	21720
120001	120000	221544
120100	120100	117288
120200	120200	36200
120301	120300	81088
120400	120400	233128
120500	120500	10136
120601	120600	247608
120701	120700	121632
120802	120800	120184
120902	120900	118736
121000	121000	110048
121100	121100	13032
121200	121200	238920
121301	121300	123080
121401	121400	118736
121501	121500	124528
121600	121600	62264
121702	121700	72400
121801	121800	225888
121901	121900	121632
122002	122000	121632
122101	122100	118736
122200	122200	55024
122413	122300	0
122413	122400	0
122500	122500	208512
122714	122600	7240
122714	122700	0
122921	122800	0
122922	122900	0
123121	123000	57920
123121	123100	0
123325	123200	0
123325	123300	1448
123531	123400	0
123532	123500	0
123731	123600	14480
123732	123700	1448
123935	123800	0
123936	123900	0
124139	124000	0
124140	124100	0
124205	124200	114392
124300	124300	182448
124400	124400	121632
124501	124500	121632
124600	124600	120184
124700	124700	120184
124800	124800	121632
124902	124900	121632
125000	125000	120184
125100	125100	121632
125358	125200	66608
125359	125300	0
125569	125400	0
125570	125500	0
125600	125600	0
126059	125700	173760
126059	125800	0
126059	125900	0
126059	126000	0
126322	126100	1448
126323	126200	1448
126529	126300	0
126530	126400	0
126530	126500	0
126600	126600	0
126700	126700	207064
126801	126800	111496
126900	126900	127424
127001	127000	133216
127100	127100	139008
127200	127200	154936
127300	127300	154936
127400	127400	159280
127500	127500	170864
127602	127600	170864
127700	127700	194032
127801	127800	194032
127900	127900	191136
128006	128000	183896
128100	128100	185344
128201	128200	211408
128301	128300	194032
128401	128400	173760
128500	128500	163624
128601	128600	62264
128700	128700	124528
128800	128800	211408
128903	128900	78192
129000	129000	198376
129101	129100	133216
129200	129200	13032
129301	129300	107152
129548	129400	0
129549	129500	0
129615	129600	73848
129822	129700	0
129822	129800	0
130029	129900	0
130029	130000	0
130719	130100	0
130719	130200	0
130719	130300	0
130722	130400	166520
130786	130500	0
130786	130600	0
130787	130700	0
130801	130800	156384
131063	130900	20272
131063	131000	0
131128	131100	0
131200	131200	172312
131482	131300	70952
131484	131400	0
131500	131500	0
131601	131600	170864
131701	131700	104256
131801	131800	115840
131902	131900	118736
132000	132000	115840
132106	132100	123080
132359	132200	60816
132359	132300	0
132566	132400	0
132568	132500	0
132600	132600	0
132705	132700	212856
132912	132800	2896
132912	132900	0
133118	133000	0
133119	133100	0
133321	133200	21720
133322	133300	0
133526	133400	63712
133526	133500	0
133730	133600	0
133731	133700	0
133801	133800	270776
134021	133900	18824
134021	134000	0
134228	134100	0
134230	134200	0
134639	134300	14480
134639	134400	1448
134642	134500	7240
134642	134600	0
134709	134700	147696
134941	134800	82536
134941	134900	4344
135144	135000	1448
135144	135100	0
135351	135200	0
135351	135300	0
135417	135400	154936
135500	135500	66608
135604	135600	34752
135700	135700	31856
135804	135800	34752
135909	135900	34752
136002	136000	31856
136107	136100	34752
136203	136200	31856
136307	136300	34752
136403	136400	31856
136507	136500	34752
136603	136600	31856
136707	136700	34752
136804	136800	31856
136907	136900	34752
137004	137000	31856
137108	137100	34752
137202	137200	31856
137307	137300	34752
137402	137400	31856
137507	137500	34752
137602	137600	31856
137707	137700	34752
137801	137800	31856
137906	137900	33304
138003	138000	31856
138101	138100	15928
138201	138200	8688
138303	138300	11584
138408	138400	34752
138501	138500	31856
138607	138600	34752
138702	138700	31856
138809	138800	34752
138911	138900	28960
139168	139000	20272
139169	139100	0
142943	139200	0
142943	139300	0
142943	139400	0
143210	139500	0
143210	139600	0
143210	139700	0
143210	139800	0
143211	139900	0
143211	140000	0
143211	140100	0
143211	140200	0
143212	140300	0
143212	140400	0
143212	140500	0
143415	140600	0
143415	140700	0
143415	140800	0
143415	140900	0
143416	141000	44888
143416	141100	2896
143416	141200	1448
143416	141300	1448
143418	141400	1448
143418	141500	8688
143418	141600	0
143418	141700	0
143418	141800	0
143419	141900	0
143419	142000	0
143419	142100	0
143419	142200	0
143419	142300	0
143421	142400	0
143421	142500	0
143421	142600	0
143421	142700	0
143421	142800	0
143422	142900	0
143422	143000	0
143422	143100	0
143422	143200	0
143422	143300	0
143423	143400	0
143500	143500	49232
143604	143600	34752
143707	143700	34752
143802	143800	31856
143903	143900	34752
144007	144000	37648
144102	144100	34752
144200	144200	40544
144305	144300	43440
144403	144400	40544
144501	144500	43440
144602	144600	43440
144700	144700	49232
144802	144800	49232
144905	144900	52128
145002	145000	52128
145103	145100	57920
145201	145200	60816
145302	145300	60816
145400	145400	60816
145501	145500	66608
145603	145600	69504
145702	145700	75296
145802	145800	76744
146023	145900	8688
146023	146000	0
146224	146100	0
146225	146200	0
146432	146300	0
146432	146400	0
146632	146500	0
146632	146600	0
146839	146700	91224
146839	146800	0
147039	146900	0
147039	147000	0
147255	147100	0
147652	147200	0
147919	147300	0
147919	147400	0
147985	147500	7240
147987	147600	47784
147989	147700	1448
147989	147800	31856
147991	147900	2896
148050	148000	4344
148116	148100	43440
148202	148200	75296
148300	148300	89776
148402	148400	89776
148502	148500	89776
148600	148600	95568
148702	148700	99912
148800	148800	118736
148901	148900	124528
149005	149000	140456
149101	149100	131768
149200	149200	133216
149319	149300	167968
149400	149400	105704
149508	149500	160728
149600	149600	110048
149700	149700	118736
149801	149800	14480
149901	149900	115840
150178	150000	98464
150179	150100	0
150391	150200	92672
150391	150300	0
150403	150400	0
152956	150500	0
152956	150600	0
152956	150700	0
152956	150800	0
153224	150900	0
153224	151000	0
153428	151100	0
153428	151200	0
153428	151300	0
153429	151400	0
153429	151500	0
153429	151600	1448
153632	151700	0
153632	151800	0
153632	151900	0
153632	152000	0
153633	152100	0
153633	152200	0
153633	152300	0
153634	152400	0
153698	152500	8688
153698	152600	30408
153702	152700	4344
153702	152800	0
153764	152900	2896
153764	153000	0
153767	153100	1448
153767	153200	1448
153829	153300	2896
153830	153400	0
153831	153500	2896
153832	153600	2896
153895	153700	2896
153895	153800	2896
153961	153900	11584
154001	154000	73848
154102	154100	160728
154200	154200	23168
154303	154300	221544
154407	154400	124528
154500	154500	0
154600	154600	104256
154700	154700	183896
154802	154800	189688
154900	154900	118736
155000	155000	97016
155100	155100	0
155200	155200	157832
155300	155300	228784
155400	155400	121632
155500	155500	57920
155601	155600	185344
155700	155700	102808
155800	155800	14480
155900	155900	244712
156002	156000	121632
156246	156100	47784
156248	156200	0
156311	156300	0
156546	156400	146248
156549	156500	0
156610	156600	43440
156840	156700	186792
156840	156800	0
157049	156900	0
157049	157000	0
157115	157100	10136
157202	157200	240368
157417	157300	11584
157417	157400	0
157625	157500	0
157626	157600	0
157700	157700	124528
157800	157800	162176
157902	157900	104256
158170	158000	66608
158172	158100	0
158371	158200	0
158371	158300	0
158400	158400	130320
158502	158500	233128
158601	158600	121632
158701	158700	121632
158802	158800	121632
159102	158900	115840
159102	159000	0
159103	159100	0
159307	159200	0
159307	159300	0
159522	159400	157832
159522	159500	0
162308	159600	10136
162373	159700	34752
162373	159800	5792
162373	159900	1448
162375	160000	1448
162375	160100	4344
162377	160200	1448
162377	160300	23168
162379	160400	1448
162379	160500	10136
162381	160600	2896
162438	160700	2896
162438	160800	5792
162438	160900	1448
162439	161000	1448
162440	161100	1448
162442	161200	1448
162442	161300	1448
162442	161400	1448
162443	161500	1448
162444	161600	1448
162445	161700	1448
162446	161800	1448
162447	161900	2896
162449	162000	0
162449	162100	2896
162450	162200	0
162451	162300	2896
162452	162400	0
162502	162500	7240
162600	162600	131768
162701	162700	137560
162802	162800	149144
162900	162900	153488
163000	163000	150592
163101	163100	154936
163200	163200	162176
163300	163300	162176
163400	163400	167968
163501	163500	167968
163601	163600	124528
163855	163700	56472
163855	163800	0
164067	163900	0
164076	164000	0
164118	164100	0
164272	164200	0
164349	164300	0
164437	164400	0
166196	164500	0
166196	164600	0
166196	164700	0
166242	164800	8688
166260	164900	1448
166261	165000	1448
166262	165100	2896
166263	165200	5792
166264	165300	2896
166266	165400	2896
166267	165500	2896
166268	165600	5792
166269	165700	0
166270	165800	2896
166271	165900	0
166273	166000	2896
166273	166100	2896
166275	166200	5792
166514	166300	0
166514	166400	0
166514	166500	0
171191	166600	2896
171256	166700	173760
171257	166800	1448
171257	166900	1448
171258	167000	1448
171320	167100	1448
171320	167200	1448
171321	167300	1448
171321	167400	1448
171322	167500	1448
171323	167600	1448
171324	167700	1448
171325	167800	1448
171384	167900	1448
171384	168000	1448
171385	168100	1448
171386	168200	2896
171388	168300	2896
171388	168400	2896
171391	168500	2896
171394	168600	2896
171395	168700	2896
171434	168800	1448
171450	168900	2896
171450	169000	2896
171453	169100	2896
171455	169200	2896
171455	169300	2896
171458	169400	2896
171460	169500	2896
171460	169600	2896
171463	169700	2896
171465	169800	2896
171465	169900	2896
171468	170000	2896
171470	170100	2896
171472	170200	2896
171472	170300	2896
171500	170400	2896
171516	170500	2896
171516	170600	2896
171519	170700	2896
171519	170800	2896
171522	170900	2896
171523	171000	2896
171526	171100	2896
171527	171200	2896
171529	171300	2896
171531	171400	2896
171533	171500	4344
171601	171600	112944
171701	171700	165072
171800	171800	165072
171900	171900	167968
172000	172000	159280
172100	172100	162176
172200	172200	170864
172305	172300	152040
172402	172400	137560
172501	172500	68056
172601	172600	44888
172701	172700	156384
172801	172800	0
173053	172900	101360
173053	173000	0
173261	173100	0
173266	173200	0
173462	173300	0
173462	173400	0
173668	173500	0
173670	173600	0
173700	173700	11584
173802	173800	450328
173900	173900	150592
174000	174000	60816
174109	174100	123080
174200	174200	191136
174300	174300	69504
174401	174400	69504
174501	174500	69504
174601	174600	69504
174703	174700	69504
174802	174800	69504
174900	174900	66608
175000	175000	69504
175102	175100	69504
175202	175200	69504
175302	175300	69504
175403	175400	69504
175503	175500	69504
175738	175600	18824
175738	175700	0
175803	175800	0
175902	175900	162176
176001	176000	69504
176103	176100	69504
176203	176200	69504
176309	176300	73848
176400	176400	62264
176500	176500	69504
176604	176600	72400
176700	176700	66608
176800	176800	69504
176901	176900	69504
177003	177000	69504
177102	177100	69504
177204	177200	69504
177301	177300	68056
177402	177400	69504
177503	177500	69504
177603	177600	69504
177700	177700	66608
177977	177800	46336
177979	177900	0
178000	178000	0
178234	178100	0
178234	178200	1448
178432	178300	94120
178433	178400	0
178640	178500	82536
178640	178600	0
178842	178700	0
178843	178800	21720
179051	178900	72400
179052	179000	0
179116	179100	26064
179200	179200	156384
179302	179300	75296
179401	179400	81088
179501	179500	81088
179601	179600	81088
179701	179700	89776
179801	179800	86880
179903	179900	101360
180001	180000	98464
180101	180100	98464
180201	180200	112944
180301	180300	104256
180401	180400	118736
180501	180500	121632
180601	180600	118736
180701	180700	141904
180801	180800	124528
180901	180900	147696
181000	181000	147696
181100	181100	152040
181200	181200	163624
181300	181300	162176
181400	181400	156384
181524	181500	208512
181608	181600	133216
181700	181700	156384
181801	181800	157832
181900	181900	134664
182001	182000	98464
182100	182100	0
182201	182200	141904
182300	182300	0
182400	182400	157832
182501	182500	141904
182600	182600	40544
182700	182700	28960
182801	182800	254848
182901	182900	163624
183000	183000	244712
183101	183100	182448
183201	183200	118736
183300	183300	118736
183401	183400	124528
183500	183500	118736
183798	183600	108600
183800	183700	0
183802	183800	0
184002	183900	0
184004	184000	0
184208	184100	115840
184208	184200	0
184410	184300	55024
184410	184400	0
184616	184500	41992
184616	184600	0
184818	184700	0
184818	184800	0
185023	184900	0
185023	185000	0
185226	185100	0
185226	185200	0
185432	185300	328696
185432	185400	0
185646	185500	0
185646	185600	0
188322	185700	1448
190272	185800	128872
190272	185900	11584
190336	186000	0
190337	186100	0
190337	186200	0
190337	186300	0
190339	186400	1448
190339	186500	10136
190343	186600	0
190343	186700	0
190346	186800	0
190346	186900	0
190346	187000	0
190349	187100	0
190349	187200	10136
190349	187300	1448
190352	187400	5792
190352	187500	8688
190354	187600	1448
190354	187700	21720
190401	187800	1448
190401	187900	1448
190401	188000	1448
190402	188100	1448
190404	188200	1448
190406	188300	1448
190407	188400	1448
190408	188500	1448
190409	188600	7240
190410	188700	0
190411	188800	0
190412	188900	1448
190413	189000	1448
190414	189100	2896
190416	189200	0
190417	189300	2896
190418	189400	1448
190419	189500	2896
190421	189600	1448
190422	189700	1448
190423	189800	1448
190424	189900	1448
190426	190000	1448
190427	190100	4344
190428	190200	1448
190429	190300	1448
190430	190400	1448
190502	190500	62264
190601	190600	121632
190700	190700	118736
190802	190800	121632
190901	190900	118736
191001	191000	118736
191101	191100	120184
191214	191200	88328
191382	191300	0
191595	191400	0
191595	191500	0
191600	191600	0
191760	191700	59368
191826	191800	98464
191904	191900	13032
192149	192000	28960
192149	192100	0
192356	192200	0
192358	192300	0
192421	192400	7240
192501	192500	246160
192601	192600	118736
192702	192700	121632
192801	192800	118736
192902	192900	120184
193001	193000	121632
193100	193100	105704
193545	193200	31856
193545	193300	0
193547	193400	0
193549	193500	0
193610	193600	7240
193815	193700	0
193815	193800	0
194023	193900	18824
194025	194000	10136
194101	194100	70952
194201	194200	267880
194301	194300	121632
194400	194400	118736
194500	194500	118736
194601	194600	124528
194700	194700	115840
194801	194800	124528
194902	194900	121632
195002	195000	118736
195101	195100	123080
195201	195200	120184
195303	195300	120184
195401	195400	121632
195652	195500	50680
195654	195600	0
195716	195700	0
195943	195800	178104
196151	195900	0
196151	196000	0
196151	196100	0
196355	196200	0
196557	196300	0
196557	196400	0
196557	196500	0
196625	196600	0
197041	196700	4344
197041	196800	1448
197041	196900	0
197041	197000	0
197106	197100	0
197317	197200	2896
197317	197300	0
197523	197400	0
197523	197500	0
197600	197600	76744
197703	197700	195480
197801	197800	121632
197900	197900	118736
198001	198000	123080
198100	198100	104256
198200	198200	121632
198301	198300	121632
198400	198400	121632
198502	198500	121632
198602	198600	120184
198701	198700	121632
198802	198800	121632
199063	198900	57920
199065	199000	0
199100	199100	0
199336	199200	0
199337	199300	1448
199544	199400	166520
199551	199500	0
199744	199600	0
199952	199700	2896
199952	199800	4344
199952	199900	17376
200018	200000	0
200101	200100	173760
200201	200200	121632
200301	200300	121632
200401	200400	121632
200500	200500	118736
200601	200600	121632
200701	200700	121632
200800	200800	118736
200901	200900	121632
201000	201000	121632
201249	201100	10136
201250	201200	0
201315	201300	49232
201570	201400	162176
201570	201500	0
201773	201600	0
201773	201700	0
201978	201800	0
201978	201900	0
202177	202000	141904
202177	202100	0
202200	202200	94120
202301	202300	209960
202401	202400	118736
202502	202500	121632
202610	202600	146248
202701	202700	115840
202802	202800	136112
202900	202900	133216
203001	203000	147696
203101	203100	149144
203200	203200	131768
203302	203300	149144
203400	203400	118736
203501	203500	121632
203600	203600	120184
203854	203700	1448
203854	203800	0
204060	203900	0
204065	204000	0
204126	204100	81088
204337	204200	2896
204337	204300	0
204545	204400	0
204547	204500	0
204610	204600	0
204700	204700	322904
204802	204800	124528
204905	204900	97016
205000	205000	0
205100	205100	298288
205201	205200	124528
205300	205300	124528
205400	205400	131768
205501	205500	140456
205601	205600	154936
205700	205700	153488
205800	205800	157832
205900	205900	160728
206003	206000	162176
206100	206100	146248
206200	206200	136112
206300	206300	82536
206400	206400	8688
206622	206500	0
206622	206600	0
206835	206700	0
206835	206800	0
207246	206900	72400
207246	207000	0
207246	207100	0
207510	207200	0
207510	207300	0
207716	207400	0
207716	207500	0
207716	207600	0
207717	207700	0
207801	207800	209960
207901	207900	123080
208000	208000	165072
208102	208100	163624
208201	208200	167968
208301	208300	165072
208402	208400	167968
208501	208500	165072
208600	208600	163624
208700	208700	167968
208800	208800	139008
208900	208900	0
209000	209000	0
209100	209100	207064
209200	209200	217200
209300	209300	23168
209401	209400	0
209611	209500	0
209611	209600	0
209818	209700	23168
209820	209800	0
209900	209900	214304
210001	210000	344624
210100	210100	118736
210330	210200	27512
210331	210300	0
210401	210400	0
210500	210500	270776
210600	210600	112944
210700	210700	123080
210807	210800	108600
210900	210900	111496
211000	211000	118736
211100	211100	83984
211201	211200	0
211501	211300	0
211501	211400	0
211501	211500	0
211710	211600	15928
211711	211700	0
211977	211800	0
211978	211900	0
212184	212000	0
212185	212100	0
212200	212200	280912
212300	212300	330144
212402	212400	121632
212501	212500	92672
212602	212600	121632
212700	212700	118736
212800	212800	121632
212902	212900	121632
213002	213000	121632
213100	213100	118736
213202	213200	141904
213300	213300	136112
213401	213400	150592
213501	213500	156384
213602	213600	159280
213701	213700	156384
213801	213800	156384
213901	213900	165072
214001	214000	165072
214102	214100	167968
214200	214200	160728
214300	214300	167968
214400	214400	167968
214501	214500	165072
214600	214600	163624
214700	214700	167968
214802	214800	167968
214910	214900	173760
215001	215000	147696
215100	215100	166520
215210	215200	175208
215301	215300	146248
215400	215400	21720
215500	215500	0
215602	215600	463360
215700	215700	152040
216000	215800	49232
216066	215900	34752
216066	216000	5792
216132	216100	14480
216262	216200	28960
216328	216300	7240
216401	216400	89776
216500	216500	73848
216601	216600	0
216701	216700	0
216801	216800	95568
216900	216900	325800
217000	217000	94120
217100	217100	181000
217201	217200	196928
217304	217300	124528
217425	217400	146248
217664	217500	39096
217664	217600	0
217871	217700	0
217872	217800	0
217900	217900	0
218001	218000	241816
218249	218100	44888
218249	218200	0
218450	218300	0
218450	218400	0
218655	218500	60816
218655	218600	0
218863	218700	149144
218865	218800	0
219062	218900	15928
219062	219000	0
219273	219100	0
219273	219200	0
219474	219300	0
219474	219400	0
222783	219500	95568
222849	219600	2896
222849	219700	13032
222850	219800	7240
222850	219900	24616
222851	220000	1448
222853	220100	18824
222915	220200	2896
222915	220300	23168
222915	220400	2896
222917	220500	1448
222917	220600	1448
222921	220700	1448
222921	220800	1448
222923	220900	1448
222923	221000	1448
222923	221100	1448
222925	221200	1448
222927	221300	1448
222980	221400	1448
222980	221500	1448
222981	221600	1448
222983	221700	4344
222983	221800	1448
222986	221900	2896
222986	222000	2896
222987	222100	2896
222989	222200	2896
222989	222300	2896
222990	222400	2896
222992	222500	2896
222993	222600	0
222994	222700	2896
222995	222800	2896
222996	222900	1448
223000	223000	4344
223100	223100	91224
223202	223200	69504
223300	223300	104256
223401	223400	98464
223501	223500	107152
223600	223600	115840
223701	223700	118736
223801	223800	118736
223901	223900	124528
224000	224000	120184
224103	224100	120184
224200	224200	118736
224301	224300	121632
224401	224400	121632
224500	224500	118736
224600	224600	118736
224876	224700	83984
224878	224800	0
224900	224900	0
225147	225000	1448
225147	225100	159280
225356	225200	0
225357	225300	0
225828	225400	4344
225829	225500	0
225829	225600	0
225829	225700	0
225829	225800	0
225904	225900	0
226392	226000	196928
226393	226100	0
226393	226200	0
226393	226300	0
227475	226400	0
227476	226500	0
227476	226600	0
227744	226700	0
227948	226800	0
227949	226900	1448
227949	227000	1448
227949	227100	5792
227950	227200	0
227950	227300	0
227950	227400	1448
228013	227500	1448
228013	227600	2896
228016	227700	14480
228016	227800	0
228078	227900	0
228078	228000	0
228148	228100	28960
228213	228200	23168
228300	228300	76744
228400	228400	130320
228503	228500	120184
228602	228600	118736
228700	228700	121632
228801	228800	123080
228901	228900	118736
229001	229000	121632
229100	229100	120184
229210	229200	88328
229377	229300	0
229584	229400	0
229585	229500	0
229601	229600	0
229702	229700	214304
229932	229800	21720
229933	229900	0
230144	230000	0
230144	230100	0
232398	230200	0
232398	230300	0
232398	230400	0
232463	230500	0
232463	230600	0
232465	230700	0
232465	230800	0
232467	230900	0
232528	231000	1448
232529	231100	7240
232529	231200	4344
232532	231300	0
232533	231400	5792
232533	231500	1448
232534	231600	1448
232594	231700	2896
232595	231800	1448
232595	231900	1448
232596	232000	8688
232596	232100	0
232599	232200	0
232600	232300	1448
232600	232400	2896
232601	232500	0
232603	232600	1448
232700	232700	107152
232800	232800	101360
232901	232900	121632
233000	233000	107152
233101	233100	121632
233205	233200	79640
233371	233300	0
233578	233400	0
233579	233500	0
233600	233600	0
233702	233700	243264
233800	233800	118736
234049	233900	47784
234049	234000	0
234255	234100	0
234256	234200	0
234320	234300	0
234400	234400	273672
234500	234500	121632
234603	234600	124528
234701	234700	118736
234802	234800	123080
234901	234900	118736
235001	235000	121632
235102	235100	121632
235201	235200	121632
235301	235300	150592
235400	235400	139008
235500	235500	163624
235600	235600	163624
235701	235700	166520
235800	235800	150592
235901	235900	167968
236000	236000	165072
236101	236100	167968
236201	236200	162176
236300	236300	165072
236401	236400	167968
236500	236500	165072
236602	236600	150592
236702	236700	102808
236800	236800	0
237061	236900	0
237061	237000	0
237126	237100	175208
237208	237200	170864
237492	237300	73848
237492	237400	0
237500	237500	0
237695	237600	0
237900	237700	0
237900	237800	0
237900	237900	0
238105	238000	2896
238105	238100	0
238309	238200	0
238309	238300	0
238600	238400	0
238600	238500	0
238600	238600	72400
238805	238700	82536
238805	238800	0
239010	238900	0
239012	239000	0
239101	239100	306976
239202	239200	120184
239300	239300	118736
239400	239400	110048
239683	239500	0
239683	239600	0
239893	239700	0
239893	239800	0
239905	239900	0
240095	240000	0
240501	240100	0
240501	240200	0
240501	240300	0
240501	240400	0
240503	240500	0
240997	240600	115840
240997	240700	0
240997	240800	0
240997	240900	0
241000	241000	0
241101	241100	160728
241202	241200	160728
241301	241300	118736
241400	241400	133216
241500	241500	152040
241600	241600	139008
241701	241700	157832
241800	241800	159280
241901	241900	162176
242002	242000	165072
242101	242100	160728
242200	242200	156384
242300	242300	165072
242401	242400	169416
242500	242500	160728
242601	242600	169416
242702	242700	166520
242800	242800	163624
242900	242900	169416
243011	243000	201272
243100	243100	154936
243200	243200	194032
243302	243300	198376
243401	243400	198376
243500	243500	199824
243600	243600	207064
243701	243700	207064
243802	243800	167968
243901	243900	207064
244001	244000	207064
244101	244100	207064
244200	244200	207064
244301	244300	207064
244401	244400	207064
244501	244500	207064
244600	244600	173760
244701	244700	26064
244800	244800	2896
244900	244900	0
245000	245000	301184
245226	245100	0
245226	245200	0
245433	245300	0
245436	245400	0
245501	245500	196928
245920	245600	0
245920	245700	0
245920	245800	0
245920	245900	0
246396	246000	21720
246396	246100	0
246396	246200	0
246396	246300	0
246464	246400	0
246683	246500	0
246683	246600	0
246889	246700	0
246889	246800	0
247363	246900	21720
247363	247000	0
247363	247100	0
247363	247200	0
247363	247300	0
247428	247400	11584
247636	247500	0
247636	247600	0
247840	247700	0
247840	247800	0
248048	247900	0
248048	248000	0
248113	248100	243264
248200	248200	285256
248300	248300	124528
248545	248400	28960
248545	248500	0
248753	248600	0
248755	248700	0
248818	248800	0
248901	248900	0
249001	249000	392408
249280	249100	78192
249282	249200	0
249300	249300	0
249484	249400	0
249688	249500	0
249690	249600	0
249700	249700	0
249891	249800	0
249900	249900	0
250094	250000	0
250100	250100	128872
250297	250200	0
250300	250300	0
250503	250400	0
250504	250500	0
250707	250600	141904
250707	250700	0
250908	250800	0
250908	250900	0
251111	251000	176656
251111	251100	0
251392	251200	162176
251392	251300	0
251400	251400	105704
251500	251500	0
251600	251600	328696
251700	251700	118736
251800	251800	121632
251920	251900	97016
252011	252000	8688
252116	252100	8688
252201	252200	28960
252301	252300	120184
252402	252400	124528
252500	252500	118736
252602	252600	121632
252701	252700	120184
252801	252800	121632
252900	252900	117288
253008	253000	130320
253125	253100	144800
253200	253200	89776
253300	253300	118736
253400	253400	121632
253502	253500	124528
253600	253600	118736
253701	253700	118736
253807	253800	127424
254027	253900	20272
254027	254000	0
254237	254100	0
254237	254200	0
254509	254300	1448
254509	254400	0
254716	254500	0
254716	254600	0
254716	254700	0
254917	254800	0
255124	254900	0
255124	255000	0
255124	255100	0
255325	255200	0
255325	255300	0
255533	255400	0
255533	255500	0
255600	255600	0
255701	255700	396752
255800	255800	120184
255900	255900	121632
256000	256000	121632
256102	256100	121632
256202	256200	121632
256300	256300	118736
256402	256400	124528
256500	256500	115840
256600	256600	152040
256700	256700	140456
256801	256800	166520
256901	256900	159280
257001	257000	167968
257100	257100	165072
257200	257200	167968
257300	257300	162176
257400	257400	166520
257501	257500	172312
257601	257600	182448
257700	257700	163624
257801	257800	166520
257900	257900	181000
258000	258000	165072
258100	258100	162176
258201	258200	167968
258302	258300	167968
258400	258400	163624
258500	258500	163624
258600	258600	167968
258700	258700	165072
258800	258800	43440
258900	258900	83984
259001	259000	0
259100	259100	166520
259200	259200	121632
259300	259300	156384
259570	259400	0
259570	259500	0
259771	259600	0
259771	259700	0
263674	259800	0
263674	259900	0
263674	260000	0
263674	260100	0
263740	260200	28960
263740	260300	34752
263740	260400	14480
263744	260500	66608
263744	260600	26064
263747	260700	14480
263748	260800	13032
263806	260900	20272
263807	261000	11584
264013	261100	0
264013	261200	0
264013	261300	0
264216	261400	0
264216	261500	0
264216	261600	0
264217	261700	0
264217	261800	0
264217	261900	0
264218	262000	0
264218	262100	0
264218	262200	0
264218	262300	0
264219	262400	0
264219	262500	0
264219	262600	0
264220	262700	0
264419	262800	0
264419	262900	0
264420	263000	0
264624	263100	0
264624	263200	0
264624	263300	0
264624	263400	0
264625	263500	0
264625	263600	33304
264625	263700	1448
264625	263800	53576
264626	263900	24616
264626	264000	0
264626	264100	0
264626	264200	0
264630	264300	0
264630	264400	0
264630	264500	0
264630	264600	0
264831	264700	0
264831	264800	0
265035	264900	66608
265035	265000	0
265238	265100	59368
265240	265200	0
265303	265300	85432
265401	265400	266432
265500	265500	118736
265754	265600	56472
265754	265700	0
265820	265800	0
265901	265900	259192
266003	266000	121632
266101	266100	118736
266202	266200	101360
266300	266300	120184
266401	266400	121632
266535	266500	117288
266708	266600	0
266708	266700	0
266800	266800	194032
266931	266900	82536
267100	267000	0
267101	267100	0
267303	267200	0
267303	267300	0
267400	267400	134664
267500	267500	125976
267600	267600	101360
267701	267700	118736
267911	267800	2896
267913	267900	0
268000	268000	52128
268103	268100	237472
268211	268200	133216
268300	268300	105704
268403	268400	124528
268502	268500	118736
268602	268600	120184
268700	268700	121632
268911	268800	2896
268913	268900	0
269000	269000	196928
269136	269100	118736
269308	269200	0
269309	269300	0
269513	269400	0
269513	269500	0
269717	269600	76744
269717	269700	0
269919	269800	17376
269920	269900	0
270124	270000	0
270126	270100	0
270327	270200	0
270330	270300	43440
270401	270400	236024
270500	270500	231680
270600	270600	121632
270700	270700	127424
270802	270800	123080
270902	270900	121632
271001	271000	134664
271100	271100	130320
271201	271200	150592
271302	271300	150592
271400	271400	149144
271500	271500	156384
271600	271600	154936
271700	271700	163624
271801	271800	159280
271901	271900	137560
272000	272000	121632
272100	272100	14480
272201	272200	0
272302	272300	267880
272579	272400	130320
272579	272500	0
272788	272600	0
272790	272700	0
272800	272800	0
273067	272900	34752
273067	273000	0
273270	273100	0
273270	273200	0
273475	273300	0
273476	273400	0
275119	273500	47784
275120	273600	0
275184	273700	0
275184	273800	0
275184	273900	0
275186	274000	0
275187	274100	0
275188	274200	0
275190	274300	0
275191	274400	0
275192	274500	0
275248	274600	0
275249	274700	0
275250	274800	0
275252	274900	2896
275252	275000	14480
275254	275100	5792
275255	275200	10136
275313	275300	134664
275400	275400	156384
275501	275500	121632
275758	275600	59368
275758	275700	0
275822	275800	0
275900	275900	262088
276000	276000	118736
276100	276100	121632
276201	276200	121632
276488	276300	89776
276488	276400	0
276500	276500	0
276691	276600	0
276901	276700	0
276901	276800	0
276902	276900	0
280314	277000	0
280314	277100	0
280314	277200	0
280378	277300	1448
280378	277400	73848
280379	277500	0
280379	277600	0
280382	277700	0
280382	277800	0
280385	277900	0
280385	278000	0
280387	278100	0
280444	278200	10136
280445	278300	1448
280445	278400	1448
280446	278500	1448
280446	278600	2896
280450	278700	1448
280450	278800	1448
280450	278900	1448
280452	279000	1448
280452	279100	1448
280453	279200	1448
280455	279300	2896
280456	279400	1448
280457	279500	1448
280458	279600	1448
280459	279700	1448
280460	279800	1448
280509	279900	1448
280509	280000	2896
280511	280100	2896
280511	280200	2896
280512	280300	1448
280514	280400	1448
280515	280500	4344
280602	280600	125976
281049	280700	31856
281050	280800	0
281051	280900	0
281052	281000	0
281115	281100	0
281544	281200	0
281545	281300	1448
281545	281400	5792
281545	281500	30408
289123	281600	27512
305406	281700	1448
305471	281800	0
305472	281900	0
305472	282000	1448
305473	282100	1448
305475	282200	7240
305476	282300	5792
305477	282400	2896
305478	282500	2896
305479	282600	2896
305480	282700	2896
305482	282800	2896
305483	282900	2896
305483	283000	2896
305485	283100	5792
305487	283200	2896
305487	283300	5792
305489	283400	2896
305491	283500	5792
305491	283600	2896
305492	283700	2896
305494	283800	2896
305494	283900	0
305496	284000	4344
305498	284100	0
305498	284200	0
305499	284300	1448
305500	284400	1448
305501	284500	1448
305502	284600	2896
305504	284700	2896
305505	284800	1448
305506	284900	1448
305507	285000	1448
305508	285100	1448
305509	285200	4344
305511	285300	1448
305512	285400	13032
305513	285500	1448
305514	285600	2896
305515	285700	1448
305516	285800	7240
305518	285900	1448
305519	286000	7240
305521	286100	2896
305526	286200	2896
305529	286300	2896
305530	286400	2896
305533	286500	2896
305535	286600	2896
305537	286700	2896
305541	286800	2896
305543	286900	2896
305545	287000	2896
305548	287100	2896
305550	287200	2896
305552	287300	2896
305555	287400	2896
305557	287500	2896
305559	287600	2896
305562	287700	2896
305564	287800	2896
305602	287900	1448
305767	288000	0
305767	288100	0
305767	288200	0
305767	288300	0
305767	288400	0
305971	288500	0
305971	288600	0
305971	288700	0
305971	288800	0
305975	288900	0
305975	289000	0
305975	289100	0
305975	289200	0
305975	289300	0
305975	289400	0
305975	289500	0
305976	289600	0
305976	289700	0
305976	289800	0
305976	289900	0
305976	290000	0
305979	290100	0
305979	290200	0
305979	290300	0
305979	290400	0
305979	290500	0
305979	290600	0
305979	290700	0
305979	290800	0
305984	290900	0
305984	291000	0
305984	291100	0
305984	291200	0
305984	291300	0
305984	291400	0
305984	291500	0
305984	291600	0
305987	291700	0
305987	291800	0
305987	291900	0
305987	292000	0
305992	292100	0
305992	292200	0
305992	292300	0
305992	292400	0
305992	292500	0
305992	292600	0
305992	292700	0
306000	292800	0
306000	292900	0
306000	293000	0
306000	293100	0
306000	293200	0
306000	293300	0
306000	293400	0
306008	293500	0
306008	293600	0
306008	293700	0
306008	293800	0
306008	293900	0
306008	294000	0
306009	294100	0
306009	294200	0
306009	294300	0
306009	294400	0
306009	294500	0
306012	294600	0
306012	294700	0
306012	294800	0
306012	294900	0
306016	295000	0
306016	295100	0
306016	295200	0
306016	295300	0
306017	295400	0
306259	295500	0
311037	295600	1448
311101	295700	8688
311101	295800	104256
311102	295900	1448
311103	296000	49232
311165	296100	1448
311165	296200	1448
311166	296300	1448
311167	296400	7240
311168	296500	2896
311169	296600	1448
311169	296700	1448
311171	296800	1448
311229	296900	1448
311229	297000	1448
311232	297100	2896
311232	297200	2896
311235	297300	2896
311237	297400	2896
311240	297500	2896
311242	297600	2896
311244	297700	2896
311281	297800	1448
311294	297900	4344
311298	298000	2896
311298	298100	2896
311301	298200	2896
311304	298300	2896
311305	298400	2896
311308	298500	2896
311309	298600	2896
311312	298700	2896
311314	298800	2896
311316	298900	2896
311319	299000	2896
311321	299100	2896
311323	299200	2896
311345	299300	2896
311358	299400	2896
311360	299500	4344
311362	299600	2896
311364	299700	2896
311367	299800	2896
311369	299900	2896
311372	300000	2896
311374	300100	2896
311376	300200	2896
311379	300300	2896
311381	300400	2896
311383	300500	2896
311387	300600	2896
311389	300700	2896
311390	300800	2896
311393	300900	2896
311394	301000	2896
311396	301100	2896
311400	301200	2896
311402	301300	2896
311403	301400	2896
311406	301500	2896
311408	301600	2896
311410	301700	2896
311412	301800	2896
311415	301900	2896
311417	302000	2896
311419	302100	2896
311424	302200	2896
311424	302300	2896
311427	302400	2896
311430	302500	2896
311432	302600	2896
311433	302700	2896
311436	302800	2896
311438	302900	2896
311440	303000	2896
311445	303100	4344
311447	303200	2896
311450	303300	2896
311452	303400	2896
311454	303500	2896
311457	303600	2896
311459	303700	2896
311461	303800	2896
311464	303900	2896
311466	304000	2896
311468	304100	2896
311470	304200	2896
311473	304300	2896
311475	304400	2896
311476	304500	2896
311479	304600	2896
311481	304700	2896
311483	304800	2896
311486	304900	2896
311488	305000	2896
311491	305100	2896
311494	305200	2896
311496	305300	2896
311498	305400	2896
311500	305500	2896
311502	305600	2896
311504	305700	2896
311506	305800	4344
311509	305900	2896
311509	306000	2896
311512	306100	2896
311514	306200	2896
311516	306300	2896
311517	306400	2896
311519	306500	2896
311520	306600	2896
311522	306700	2896
311524	306800	2896
311526	306900	2896
311529	307000	2896
311530	307100	2896
311532	307200	2896
311533	307300	2896
311535	307400	2896
311537	307500	2896
311539	307600	2896
311542	307700	4344
311547	307800	5792
311547	307900	2896
311550	308000	2896
311552	308100	2896
311554	308200	2896
311556	308300	2896
311556	308400	2896
311559	308500	2896
311560	308600	2896
311562	308700	2896
311564	308800	2896
311566	308900	2896
311568	309000	2896
311569	309100	2896
311571	309200	2896
311573	309300	2896
311575	309400	2896
311577	309500	2896
311579	309600	2896
311581	309700	4344
311583	309800	2896
311585	309900	2896
311587	310000	2896
311588	310100	2896
311590	310200	2896
311592	310300	2896
311592	310400	2896
311596	310500	2896
311597	310600	2896
311599	310700	2896
311601	310800	2896
311603	310900	2896
311604	311000	2896
311606	311100	4344
311609	311200	4344
311611	311300	4344
311613	311400	4344
311615	311500	2896
311616	311600	2896
311702	311700	166520
311802	311800	207064
311900	311900	201272
312000	312000	208512
312100	312100	202720
312201	312200	211408
312300	312300	201272
312401	312400	212856
312500	312500	199824
312600	312600	185344
312701	312700	170864
312800	312800	98464
312900	312900	0
313001	313000	17376
313100	313100	0
313314	313200	0
313314	313300	0
313522	313400	0
313524	313500	0
313799	313600	370688
313799	313700	0
313800	313800	0
314005	313900	88328
314007	314000	0
314102	314100	198376
314201	314200	144800
314306	314300	2896
314401	314400	0
314609	314500	0
314609	314600	0
314811	314700	0
314812	314800	2896
314901	314900	233128
315204	315000	427160
315204	315100	0
315205	315200	0
315406	315300	0
315408	315400	0
315615	315500	0
315615	315600	0
315812	315700	69504
315812	315800	0
316020	315900	0
316020	316000	0
317238	316100	0
317240	316200	130320
317303	316300	0
317303	316400	0
317304	316500	0
317305	316600	5792
317306	316700	5792
317370	316800	5792
317370	316900	50680
317370	317000	1448
317372	317100	2896
317372	317200	4344
317375	317300	4344
317434	317400	13032
317500	317500	63712
317601	317600	123080
317701	317700	123080
317802	317800	149144
317901	317900	144800
318001	318000	130320
318100	318100	124528
318200	318200	33304
318300	318300	0
318405	318400	108600
318504	318500	94120
318606	318600	110048
318705	318700	40544
318802	318800	40544
318906	318900	39096
319001	319000	40544
319102	319100	40544
319202	319200	47784
319316	319300	33304
319487	319400	0
319694	319500	0
319694	319600	0
319702	319700	0
319898	319800	1448
320102	319900	0
320102	320000	0
320102	320100	0
320369	320200	0
320369	320300	0
320574	320400	0
320574	320500	0
320640	320600	76744
320705	320700	82536
320803	320800	40544
320905	320900	43440
321003	321000	40544
321102	321100	40544
321200	321200	40544
321301	321300	43440
321405	321400	43440
321502	321500	40544
321606	321600	43440
321704	321700	40544
321800	321800	40544
321904	321900	43440
322001	322000	40544
322105	322100	43440
322202	322200	40544
322300	322300	40544
322403	322400	43440
322507	322500	43440
322603	322600	40544
322702	322700	40544
322806	322800	43440
322904	322900	40544
323000	323000	40544
323105	323100	43440
323204	323200	40544
323423	323300	5792
323424	323400	0
323630	323500	0
323630	323600	0
323700	323700	18824
323996	323800	79640
323996	323900	0
324201	324000	0
324201	324100	0
324201	324200	0
324409	324300	0
324409	324400	0
324608	324500	0
324608	324600	0
324812	324700	41992
324812	324800	0
325016	324900	0
325017	325000	0
325221	325100	0
325221	325200	0
325423	325300	0
325423	325400	0
325627	325500	0
325627	325600	0
325836	325700	0
325836	325800	24616
329670	325900	39096
332227	326000	4344
342403	326100	2896
342467	326200	7240
342467	326300	0
342470	326400	1448
342471	326500	15928
342477	326600	4344
342478	326700	1448
342484	326800	1448
342484	326900	1448
342491	327000	2896
342491	327100	1448
342498	327200	1448
342499	327300	8688
342505	327400	2896
342506	327500	1448
342512	327600	1448
342513	327700	1448
342519	327800	4344
342521	327900	1448
342526	328000	2896
342526	328100	1448
342535	328200	1448
342535	328300	1448
342540	328400	1448
342540	328500	1448
342548	328600	1448
342548	328700	4344
342556	328800	2896
342563	328900	2896
342570	329000	2896
342577	329100	2896
342584	329200	2896
342590	329300	2896
342598	329400	2896
342605	329500	2896
342612	329600	2896
342619	329700	2896
342626	329800	2896
342633	329900	2896
342638	330000	2896
342645	330100	2896
342650	330200	2896
342656	330300	2896
342661	330400	2896
342666	330500	2896
342670	330600	2896
342676	330700	2896
342682	330800	2896
342687	330900	2896
342693	331000	2896
342699	331100	2896
342705	331200	2896
342709	331300	2896
342715	331400	2896
342720	331500	2896
342725	331600	2896
342731	331700	2896
342736	331800	2896
342741	331900	2896
342746	332000	2896
342751	332100	2896
342757	332200	2896
342761	332300	2896
342766	332400	2896
342771	332500	2896
342774	332600	2896
342780	332700	2896
342784	332800	2896
342789	332900	2896
342792	333000	2896
342796	333100	2896
342802	333200	2896
342806	333300	2896
342812	333400	2896
342815	333500	2896
342818	333600	2896
342825	333700	2896
342828	333800	2896
342832	333900	2896
342836	334000	2896
342840	334100	2896
342844	334200	2896
342848	334300	2896
342852	334400	2896
342856	334500	2896
342860	334600	2896
342865	334700	2896
342869	334800	2896
342872	334900	2896
342876	335000	2896
342879	335100	2896
342883	335200	2896
342886	335300	2896
342890	335400	2896
342894	335500	2896
342897	335600	2896
342901	335700	2896
342905	335800	2896
342908	335900	2896
342912	336000	2896
342916	336100	2896
342919	336200	2896
342921	336300	2896
342926	336400	2896
342929	336500	2896
342933	336600	2896
342936	336700	2896
342939	336800	2896
342942	336900	2896
342946	337000	2896
342949	337100	2896
342954	337200	2896
342957	337300	2896
342958	337400	2896
342964	337500	2896
342967	337600	2896
342972	337700	2896
342974	337800	2896
342976	337900	2896
342979	338000	2896
342990	338100	7240
342990	338200	2896
342994	338300	2896
342997	338400	2896
343001	338500	2896
343011	338600	2896
343012	338700	2896
343012	338800	4344
343014	338900	2896
343015	339000	2896
343020	339100	2896
343022	339200	2896
343025	339300	2896
343028	339400	2896
343030	339500	2896
343033	339600	2896
343036	339700	2896
343038	339800	2896
343042	339900	2896
343044	340000	2896
343047	340100	2896
343050	340200	2896
343052	340300	2896
343055	340400	2896
343057	340500	2896
343062	340600	2896
343066	340700	2896
343072	340800	2896
343075	340900	2896
343081	341000	2896
343084	341100	2896
343086	341200	2896
343089	341300	2896
343092	341400	2896
343096	341500	2896
343099	341600	2896
343102	341700	2896
343105	341800	2896
343107	341900	2896
343110	342000	2896
343114	342100	2896
343117	342200	2896
343120	342300	2896
343123	342400	2896
343126	342500	2896
343130	342600	2896
343132	342700	2896
343135	342800	2896
343137	342900	2896
343140	343000	2896
343144	343100	2896
343201	343200	57920
343301	343300	98464
343581	343400	72400
343581	343500	0
343784	343600	0
343786	343700	0
343800	343800	0
343987	343900	55024
344189	344000	7240
344189	344100	0
344200	344200	0
344494	344300	275120
344494	344400	0
344701	344500	0
344701	344600	0
344705	344700	0
344904	344800	0
344904	344900	1448
345775	345000	28960
345775	345100	0
345775	345200	0
346041	345300	1448
346041	345400	69504
346041	345500	1448
346042	345600	10136
346042	345700	0
346042	345800	0
346042	345900	7240
346043	346000	5792
346106	346100	5792
