0	0	1
137.179	100	15928
202.246	200	28960
332.171	300	20272
400.148	400	43440
500.138	500	66608
608.25	600	0
700.212	700	139008
822.291	800	47784
952.202	900	23168
1018.59	1000	8688
1139.25	1100	20272
1219.75	1200	17376
1303.18	1300	31856
1408.26	1400	21720
1500.17	1500	34752
1606.28	1600	28960
1703.36	1700	46336
1802.22	1800	28960
1903.19	1900	52128
2000.2	2000	37648
2101.2	2100	55024
2202.19	2200	49232
2300.19	2300	57920
2408.2	2400	60816
2502.29	2500	60816
2603.27	2600	66608
2701.21	2700	66608
2804.19	2800	75296
2901.25	2900	72400
3001.2	3000	75296
3103.19	3100	81088
3200.2	3200	81088
3301.21	3300	86880
3401.19	3400	83984
3500.23	3500	83984
3600.21	3600	83984
3701.27	3700	95568
3802.21	3800	104256
3904.27	3900	89776
4000.28	4000	86880
4101.27	4100	101360
4201.25	4200	104256
4306.24	4300	98464
4400.26	4400	92672
4501.27	4500	112944
4601.22	4600	118736
4704.29	4700	95568
4802.27	4800	112944
4901.33	4900	110048
5001.24	5000	124528
5106.4	5100	101360
5209.24	5200	121632
5301.31	5300	115840
5400.23	5400	139008
5500.27	5500	124528
5602.26	5600	130320
5701.28	5700	133216
5801.24	5800	144800
5900.28	5900	133216
6002.3	6000	136112
6101.32	6100	150592
6210.36	6200	162176
6306.28	6300	139008
6400.31	6400	150592
6502.29	6500	167968
6600.33	6600	162176
6700.32	6700	165072
6802.26	6800	167968
6901.34	6900	167968
7001.34	7000	162176
7100.27	7100	165072
7201.27	7200	167968
7301.35	7300	173760
7401.28	7400	205616
7506.4	7500	199824
7603.43	7600	183896
7701.3	7700	179552
7804.36	7800	202720
7900.4	7900	188240
8003.34	8000	191136
8108.38	8100	243264
8201.3	8200	179552
8304.4	8300	194032
8400.71	8400	212856
8500.4	8500	211408
8603.61	8600	215752
8705.31	8700	221544
8800.34	8800	202720
8901.34	8900	211408
9003.4	9000	225888
9105.33	9100	220096
9204.35	9200	237472
9301.39	9300	222992
9407.33	9400	260640
9509.38	9500	243264
9605.34	9600	237472
9706.41	9700	257744
9804.34	9800	241816
9922.36	9900	279464
10014.3	10000	169416
10116.4	10100	163624
10218.4	10200	70952
10303.4	10300	227336
10401.4	10400	266432
10502.4	10500	269328
10600.4	10600	266432
10700.4	10700	263536
10800.4	10800	272224
10900.4	10900	278016
11130.4	11000	43440
11133.4	11100	0
11204.5	11200	205616
11301.4	11300	163624
11400.4	11400	188240
11505.4	11500	220096
11602.4	11600	191136
11700.5	11700	202720
11800.4	11800	217200
11901.5	11900	205616
12008.4	12000	220096
12105.4	12100	222992
12208.5	12200	205616
12301.5	12300	202720
12400.4	12400	217200
12500.5	12500	225888
12600.5	12600	225888
12702.4	12700	217200
12801.5	12800	246160
12900.4	12900	220096
13004.5	13000	231680
13100.5	13100	205616
13200.5	13200	251952
13308.8	13300	246160
13404.4	13400	231680
13500.6	13500	194032
13600.4	13600	263536
13700.4	13700	240368
13807.5	13800	240368
13900.5	13900	211408
14005.6	14000	275120
14101.4	14100	278016
14200.6	14200	266432
14300.5	14300	266432
14401.9	14400	275120
14500.5	14500	283808
14726.5	14600	23168
14728.4	14700	0
14801.4	14800	2896
14900.5	14900	296840
15003.6	15000	220096
15100	15100	202720
15204.5	15200	208512
15313.5	15300	241816
15414.5	15400	152040
15524.6	15500	162176
15604.5	15600	127424
15701.5	15700	222992
15803.5	15800	225888
15902.5	15900	194032
16005.5	16000	249056
16102.2	16100	211408
16200.5	16200	220096
16304.4	16300	211408
16403.5	16400	243264
16632.6	16500	81088
16632.7	16600	0
16839.6	16700	0
16840.4	16800	0
16906.5	16900	30408
17002.6	17000	237472
17106.5	17100	159280
17200.6	17200	167968
17304.6	17300	217200
17402.6	17400	153488
17502.5	17500	196928
17601	17600	199824
17700.5	17700	191136
17807.5	17800	196928
17900.5	17900	222992
18001.5	18000	214304
18107.5	18100	231680
18332.6	18200	14480
18332.6	18300	0
18404	18400	154936
18502.5	18500	181000
18601.6	18600	144800
18700.5	18700	202720
18800.6	18800	165072
18902.5	18900	208512
19005.7	19000	179552
19100.8	19100	199824
19203.6	19200	188240
19306.6	19300	196928
19408.5	19400	208512
19500.7	19500	194032
19611.6	19600	222992
19708.5	19700	194032
19802.5	19800	202720
19905.5	19900	225888
20002.6	20000	211408
20105	20100	225888
20205.6	20200	199824
20303.7	20300	234576
20406.5	20400	208512
20504.6	20500	237472
20628.6	20600	253400
20724.6	20700	172312
20824.6	20800	165072
20904.6	20900	150592
21007.5	21000	254848
21105.6	21100	220096
21200.6	21200	225888
21308.6	21300	260640
21402.6	21400	225888
21501.6	21500	234576
21600.6	21600	254848
21700.6	21700	251952
21932.7	21800	31856
21932.7	21900	0
22001.6	22000	186792
22100.5	22100	214304
22369.7	22200	125976
22369.8	22300	0
22575.7	22400	0
22575.7	22500	0
22600.7	22600	34752
22705.6	22700	178104
22800.6	22800	221544
22902.6	22900	181000
23000.6	23000	237472
23100.6	23100	194032
23200	23200	249056
23300.6	23300	191136
23408.9	23400	246160
23501.6	23500	214304
23600.6	23600	234576
23703.6	23700	231680
23801.7	23800	246160
23900.6	23900	225888
24000.6	24000	260640
24100.6	24100	240368
24200.6	24200	257744
24301.6	24300	257744
24400.6	24400	263536
24500.7	24500	260640
24604.7	24600	266432
24701.9	24700	278016
24801.7	24800	257744
24901.6	24900	292496
25000.6	25000	263536
25100.7	25100	295392
25201.7	25200	253400
25300.7	25300	321456
25400.3	25400	185344
25502.8	25500	254848
25600.7	25600	251952
25701.7	25700	260640
25802.8	25800	260640
25900.8	25900	262088
26023.7	26000	253400
26128.8	26100	208512
26202.8	26200	123080
26302.7	26300	201272
26400.7	26400	205616
26501.7	26500	270776
26600.7	26600	288152
26700.7	26700	269328
26802.7	26800	260640
26900.7	26900	275120
27000.6	27000	275120
27100.8	27100	260640
27200.7	27200	275120
27301.8	27300	272224
27400.7	27400	266432
27500.7	27500	266432
27600.7	27600	272224
27700.7	27700	272224
27800.7	27800	269328
27902.7	27900	269328
28000.7	28000	272224
28101.8	28100	266432
28200.8	28200	272224
28300.8	28300	266432
28402.7	28400	272224
28500.7	28500	269328
28601.9	28600	272224
28700.7	28700	263536
28800.7	28800	272224
28900.9	28900	272224
29134.9	29000	36200
29135	29100	0
29204.9	29200	11584
29305.9	29300	406888
29404.9	29400	228784
29500.8	29500	222992
29601.8	29600	260640
29700.9	29700	243264
29800.8	29800	249056
29903.8	29900	246160
30001.9	30000	254848
30100.8	30100	254848
30200.8	30200	266432
30300.7	30300	269328
30400.8	30400	272224
30500.8	30500	260640
30600.7	30600	269328
30700.9	30700	263536
30800.8	30800	275120
30905.8	30900	272224
31018.8	31000	312768
31109.8	31100	192584
