0	0	1
152.992	100	15928
226.985	200	28960
324.977	300	20272
402.091	400	43440
520.418	500	66608
686.127	600	0
700.041	700	0
816.968	800	134664
1062.15	900	37648
1062.18	1000	0
1268.05	1100	0
1271	1200	0
1333.09	1300	10136
1400.99	1400	183896
1519.99	1500	83984
1687.11	1600	0
1896.1	1700	0
1897	1800	0
1900	1900	0
2030.12	2000	179552
2198.11	2100	0
2200.02	2200	0
2402.1	2300	0
2402.17	2400	0
2607.04	2500	124528
2609.03	2600	0
2700.2	2700	221544
2904.12	2800	4344
2906.15	2900	0
3112.16	3000	0
3112.24	3100	0
3312.13	3200	69504
3314.09	3300	0
3514.28	3400	108600
3514.37	3500	0
3600.04	3600	278016
3832.2	3700	33304
3832.27	3800	0
4040.15	3900	0
4042.11	4000	0
4104.15	4100	10136
4201.02	4200	250504
4300.09	4300	115840
4400.04	4400	118736
4500.08	4500	124528
4600.05	4600	130320
4817.08	4700	10136
4818.12	4800	0
4910.13	4900	183896
5166.2	5000	65160
5166.27	5100	0
5373.2	5200	0
5373.27	5300	0
5400.07	5400	0
5500.09	5500	243264
5601.06	5600	133216
5700.19	5700	118736
5804.1	5800	133216
5900.2	5900	130320
6000.12	6000	130320
6101.13	6100	131768
6204.06	6200	124528
6301.07	6300	141904
6400.12	6400	121632
6503.08	6500	162176
6712.13	6600	5792
6713.09	6700	0
7005.11	6800	208512
7007.09	6900	0
7007.12	7000	0
7106.15	7100	214304
7349.26	7200	60816
7349.32	7300	0
7557.19	7400	0
7559.09	7500	0
7621.14	7600	8688
7705.1	7700	286704
7800.09	7800	139008
7902.14	7900	159280
8008.14	8000	150592
8100.19	8100	144800
8205.17	8200	136112
8301.11	8300	156384
8405.2	8400	147696
8501.21	8500	13032
8604.12	8600	292496
8701.21	8700	166520
8801.18	8800	167968
8900.18	8900	153488
9001.14	9000	159280
9109.14	9100	167968
9202.24	9200	57920
9303.16	9300	153488
9408.19	9400	256296
9500.26	9500	121632
9601.14	9600	208512
9700.13	9700	157832
9801.14	9800	162176
9900.16	9900	21720
10005.2	10000	47784
10102.1	10100	411232
10200.2	10200	17376
10300.2	10300	157832
10402.2	10400	166520
10501.2	10500	30408
10601.2	10600	276568
10700.2	10700	317112
10800.2	10800	178104
10901.2	10900	173760
11005.3	11000	159280
11108.3	11100	18824
11200.2	11200	331592
11309.2	11300	173760
11553.3	11400	95568
11554.2	11500	0
11600.2	11600	0
11706.2	11700	376480
11800.2	11800	153488
11922.2	11900	207064
12001.2	12000	153488
12100.6	12100	157832
12200.3	12200	63712
12301.4	12300	114392
12407.3	12400	343176
12502.3	12500	139008
12601.2	12600	0
12703.3	12700	196928
12801.2	12800	375032
12900.2	12900	21720
13006.4	13000	389512
13101.3	13100	202720
13203.3	13200	194032
13300.3	13300	146248
13406.3	13400	82536
13500.3	13500	379376
13600.2	13600	199824
13702.3	13700	202720
13800.3	13800	191136
13900.3	13900	73848
14003.3	14000	328696
14100.3	14100	150592
14209.4	14200	0
14300.4	14300	0
14408.4	14400	477840
14502.3	14500	299736
14600.3	14600	202720
14705.3	14700	222992
14800.3	14800	240368
14900.3	14900	220096
15007.3	15000	225888
15101.4	15100	231680
15200.2	15200	214304
15301.3	15300	234576
15400.2	15400	214304
15507.4	15500	0
15600.2	15600	463360
15700.2	15700	220096
15803.3	15800	98464
15900.4	15900	1448
16000.3	16000	359104
16101.4	16100	422816
16200.3	16200	0
16301.4	16300	0
16400.4	16400	586440
16501.3	16500	125976
16608.4	16600	443088
16700.3	16700	83984
16821.3	16800	470600
16912.3	16900	234576
17000.3	17000	202720
17100.3	17100	259192
17201.3	17200	260640
17306.3	17300	254848
17401.3	17400	272224
17500.3	17500	257744
17604.7	17600	246160
17702.3	17700	237472
17800.3	17800	240368
17904.4	17900	169416
18000.4	18000	0
18100.4	18100	535760
18200.3	18200	251952
18300.3	18300	251952
18400.3	18400	266432
18500.4	18500	104256
18600.4	18600	185344
18700.4	18700	487976
18800.3	18800	269328
18900.3	18900	266432
19000.4	19000	256296
19103.4	19100	20272
19200.3	19200	535760
19300.3	19300	257744
19400	19400	278016
19501.4	19500	280912
19600.4	19600	143352
19706.4	19700	428608
19800.4	19800	272224
19900.4	19900	266432
20009.4	20000	280912
20101.4	20100	46336
20204.4	20200	467704
20300.4	20300	295392
20401.8	20400	269328
20501.4	20500	86880
20600.4	20600	192584
20700.4	20700	508248
20807.3	20800	301184
20900.1	20900	292496
21002.4	21000	278016
21100.2	21100	324352
21200.4	21200	312768
21303.3	21300	324352
21401.5	21400	304080
21500.4	21500	286704
21600.4	21600	286704
21702.5	21700	0
21801.5	21800	612504
21921.4	21900	354760
22001.5	22000	282360
22102.5	22100	305528
22200.5	22200	324352
22300.4	22300	283808
22400.5	22400	65160
22500.5	22500	81088
22601.5	22600	403992
22700.4	22700	0
22800.4	22800	666080
22907.5	22900	282360
23000.5	23000	687800
23100.5	23100	276568
23200.5	23200	0
23300.5	23300	393856
23401.5	23400	600920
23502.4	23500	335936
23600.4	23600	89776
23700.4	23700	11584
23806.5	23800	858664
23901.4	23900	347520
24000.4	24000	333040
24101.4	24100	312768
24200.9	24200	356208
24300.5	24300	24616
24400.4	24400	635672
24530.4	24500	288152
24631.4	24600	8688
24732.4	24700	8688
24801.5	24800	127424
24901.4	24900	330144
25000.9	25000	327248
25100.4	25100	344624
25200.5	25200	338832
25300.5	25300	356208
25401.5	25400	341728
25507.5	25500	335936
25600.5	25600	304080
25705.4	25700	370688
25800.5	25800	59368
25901.6	25900	645808
26005.6	26000	341728
26101.5	26100	370688
26200.5	26200	311320
26300.5	26300	0
26400.6	26400	703728
26500.7	26500	295392
26600.5	26600	327248
26711.5	26700	0
26800.6	26800	330144
26916.6	26900	738480
27005.5	27000	382272
27101.5	27100	335936
27200.6	27200	360552
27301.5	27300	380824
27402.1	27400	350416
27500.6	27500	370688
27604.5	27600	360552
27703.5	27700	351864
27803.5	27800	350416
27907.5	27900	123080
28001.6	28000	599472
28100.5	28100	367792
28211.5	28200	370688
28300.6	28300	347520
28400.5	28400	254848
28500.6	28500	134664
28601.5	28600	667528
28702.5	28700	367792
28800.5	28800	334488
28900.5	28900	236024
29000.5	29000	120184
29106.5	29100	724000
29201.5	29200	359104
29300.6	29300	359104
29401.6	29400	335936
29500.7	29500	241816
29600.6	29600	512592
29701.6	29700	367792
29800.5	29800	354760
29905.9	29900	376480
30000.6	30000	244712
30100.9	30100	127424
30211.5	30200	757304
30300.5	30300	309872
30400.6	30400	228784
30500.6	30500	95568
30600.5	30600	480736
30701.5	30700	626984
30801.6	30800	385168
30900.5	30900	357656
31000.6	31000	280912
31100.8	31100	88328
31348.6	31200	220096
31350.9	31300	0
31400.6	31400	0
31500.6	31500	340280
31600.6	31600	1032424
31700.6	31700	379376
31806.6	31800	350416
31905.6	31900	392408
32002.6	32000	315664
32121.2	32100	448880
32201.6	32200	276568
32470.7	32300	262088
32472.7	32400	0
32500.7	32500	0
32600.7	32600	2896
32859.8	32700	441640
32859.9	32800	0
32900.6	32900	0
33000.7	33000	0
33105.6	33100	1455240
33205.6	33200	392408
33300.8	33300	375032
33400.8	33400	367792
33500.6	33500	359104
33610.7	33600	385168
33700.7	33700	120184
33800	33800	218648
33901.6	33900	744272
34000.7	34000	231680
34100.7	34100	18824
34200.7	34200	0
34300.7	34300	1051248
34400.6	34400	527072
34501.7	34500	383720
34601.7	34600	334488
34702.7	34700	405440
34800.8	34800	293944
34900.8	34900	49232
35000.6	35000	755856
35103.6	35100	379376
35201.7	35200	354760
35300.7	35300	130320
35400.9	35400	199824
35507.6	35500	770336
35600.7	35600	163624
35700.6	35700	18824
35800.1	35800	668976
35900.7	35900	0
36000.6	36000	928168
36100.6	36100	363448
36200.7	36200	343176
36300.9	36300	399648
36400.8	36400	263536
36500.7	36500	482184
36602.7	36600	325800
36700.7	36700	380824
36800.7	36800	91224
36900.8	36900	335936
37036.7	37000	767440
37126.7	37100	393856
37221.8	37200	341728
37300.6	37300	289600
37400.7	37400	186792
37507.7	37500	170864
37603.8	37600	731240
37701.7	37700	207064
37801.2	37800	163624
37900.8	37900	473496
38000.6	38000	2896
38100.7	38100	1013600
38200.7	38200	44888
38300.7	38300	664632
38400.7	38400	376480
38500.8	38500	305528
38600.7	38600	50680
38700.7	38700	764544
38801.7	38800	392408
38900.8	38900	328696
39001.8	39000	0
39100.8	39100	754408
39201.7	39200	372136
39305.8	39300	250504
39401.9	39400	133216
39503	39500	359104
39600.7	39600	406888
39700.8	39700	671872
39806.8	39800	0
39900.8	39900	333040
40000.9	40000	430056
40100.9	40100	0
40201.7	40200	1104824
40300.3	40300	367792
40400.7	40400	372136
40501.8	40500	118736
40604.7	40600	301184
40700.7	40700	679112
40800.7	40800	370688
40900.9	40900	179552
41000.8	41000	136112
41100.8	41100	101360
41200.8	41200	1045456
41301.9	41300	370688
41400.8	41400	246160
41501.2	41500	50680
41600.8	41600	0
41700.1	41700	1130888
41801.8	41800	395304
41900.7	41900	286704
42000.8	42000	0
42100	42100	309872
42200.8	42200	558928
42300.8	42300	679112
42400.8	42400	385168
42500.8	42500	353312
42600.7	42600	373584
42700.8	42700	91224
42801.9	42800	593680
42901.8	42900	405440
43000.8	43000	351864
43103.8	43100	0
43200.8	43200	14480
43300.1	43300	1083104
43401.8	43400	367792
43503.9	43500	68056
43600.9	43600	117288
43700.3	43700	551688
43809.9	43800	715312
43901.9	43900	359104
44000.8	44000	383720
44100.9	44100	55024
44200.8	44200	664632
44300.8	44300	393856
44400	44400	350416
44500.8	44500	370688
44600.8	44600	369240
44700.9	44700	366344
44800	44800	13032
44902	44900	715312
45000.9	45000	333040
45100.9	45100	408336
45203.9	45200	356208
45305	45300	65160
45405.9	45400	642912
45501	45500	386616
45602.8	45600	354760
45707.9	45700	389512
45800.1	45800	186792
45900	45900	125976
46054.9	46000	719656
46120	46100	5792
46248.9	46200	11584
46313.9	46300	5792
46401.9	46400	325800
46506	46500	369240
46600.9	46600	376480
46700.9	46700	373584
46804.9	46800	364896
46900.9	46900	372136
47000	47000	0
47125.9	47100	839840
47201.9	47200	275120
47301.9	47300	372136
47401	47400	198376
47500	47500	156384
47602.9	47600	721104
47700	47700	364896
47800.6	47800	0
47900.1	47900	414128
48000	48000	602368
48102.9	48100	69504
48204.9	48200	608160
48300.1	48300	125976
48400.1	48400	1448
48500	48500	975952
48600	48600	172312
48709.9	48700	752960
48805.9	48800	320008
48901	48900	386616
49000	49000	5792
49101	49100	34752
49205.9	49200	918032
49365	49300	0
49400.1	49400	0
