0	0	1
130.004	100	15928
231.024	200	34752
331.102	300	14480
437.091	400	28960
502.067	500	76744
601.114	600	211408
700.084	700	403992
800.238	800	528520
900.043	900	613952
1000.05	1000	299736
1100.14	1100	434400
1200.14	1200	867352
1300.09	1300	343176
1400.07	1400	327248
1500.06	1500	1126544
1600.13	1600	599472
1700.12	1700	613952
1800.07	1800	544448
1900.02	1900	609608
2000.06	2000	616848
2100.14	2100	587888
2200.14	2200	602368
2300.12	2300	602368
2400.06	2400	596576
2500.05	2500	608160
2600.12	2600	596576
2700.06	2700	593680
2800.14	2800	613952
2900.07	2900	596576
3000.13	3000	602368
3100.18	3100	596576
3201.18	3200	608160
3300.19	3300	602368
3400.18	3400	590784
3500.24	3500	599472
3600.13	3600	608160
3701.14	3700	547344
3915.14	3800	72400
3917.09	3900	0
4000.12	4000	0
4110.13	4100	506800
4203.14	4200	409784
4300.2	4300	406888
4402.19	4400	388064
4500.13	4500	385168
4600.15	4600	321456
4700.16	4700	347520
4800.08	4800	457568
4900.19	4900	393856
5000.22	5000	448880
5100.2	5100	417024
5201.2	5200	451776
5300.18	5300	422816
5403.12	5400	443088
5501.17	5500	453224
5601.14	5600	428608
5700.12	5700	463360
5800.12	5800	440192
5912.34	5900	450328
6001.18	6000	440192
6104.18	6100	451776
6200.12	6200	469152
6312.21	6300	437296
6421.18	6400	434400
6500.24	6500	372136
6600.15	6600	486528
6701.21	6700	402544
6800.28	6800	521280
6901.29	6900	443088
7000.27	7000	498112
7100.3	7100	498112
7200.32	7200	503904
7300.19	7300	489424
7400.24	7400	518384
7500.27	7500	503904
7600.15	7600	527072
7700.06	7700	501008
7801.22	7800	473496
7900.23	7900	486528
8000.2	8000	379376
8100.22	8100	396752
8200.22	8200	350416
8300.32	8300	295392
8400.24	8400	2896
8500.16	8500	451776
8601.19	8600	205616
8700.19	8700	266432
8800.24	8800	246160
8900.17	8900	254848
9000.3	9000	289600
9100.29	9100	275120
9201.18	9200	304080
9300.37	9300	275120
9401.26	9400	301184
9500.26	9500	231680
9607.25	9600	272224
9700.19	9700	269328
9800.24	9800	315664
9900.31	9900	280912
10000.3	10000	334488
10106.2	10100	298288
10204.2	10200	335936
10300.2	10300	298288
10400.3	10400	341728
10501.3	10500	324352
10601.3	10600	315664
10700.2	10700	367792
10802.4	10800	324352
10901.4	10900	373584
11000.3	11000	327248
11110.4	11100	370688
11201.3	11200	353312
11309.4	11300	335936
11412.2	11400	338832
11529.3	11500	236024
11632.2	11600	238920
11734.2	11700	238920
11806.4	11800	167968
11901.3	11900	314216
12000.3	12000	382272
12100.2	12100	376480
12200.2	12200	408336
12300.4	12300	379376
12401.3	12400	405440
12500.3	12500	390960
12600.3	12600	399648
12701.2	12700	393856
12802.3	12800	405440
12900.3	12900	402544
13000.3	13000	417024
13100.2	13100	419920
13201.3	13200	422816
13300.3	13300	414128
13400.3	13400	440192
13500.3	13500	414128
13601.3	13600	451776
13701.3	13700	425712
13800.3	13800	451776
13900.4	13900	432952
14005.4	14000	399648
14104.4	14100	283808
14200.3	14200	417024
14300.4	14300	463360
14400.3	14400	445984
14500.2	14500	463360
14600.3	14600	460464
14702.4	14700	393856
14801.3	14800	275120
14900.3	14900	251952
15000.3	15000	254848
15100.4	15100	390960
15200.3	15200	379376
15300.6	15300	396752
15400.4	15400	379376
15500.3	15500	385168
15600.3	15600	390960
15700.3	15700	388064
15800.4	15800	347520
15906.3	15900	324352
16000.3	16000	477840
16100.3	16100	501008
16201.4	16200	398200
16306.4	16300	460464
16408.4	16400	464808
16503.4	16500	340280
16604.4	16600	335936
16731.3	16700	509696
16823.4	16800	338832
16900.5	16900	241816
17000.4	17000	537208
17101.4	17100	527072
17200.4	17200	544448
17301.5	17300	524176
17400.4	17400	548792
17501.4	17500	540104
17601.4	17600	554584
17700.5	17700	535760
17800.4	17800	502456
17900.6	17900	432952
18000.5	18000	524176
18104.3	18100	337384
18200.4	18200	388064
18301.4	18300	390960
18405.3	18400	372136
18501.5	18500	231680
18600.4	18600	17376
18700.4	18700	514040
18806.4	18800	182448
18900.4	18900	33304
19001.4	19000	130320
19102.4	19100	181000
19207.4	19200	156384
19300.4	19300	144800
19401.3	19400	152040
19502.3	19500	172312
19602.4	19600	149144
19701.4	19700	176656
19806.5	19800	147696
19902.5	19900	178104
20002.5	20000	169416
20110.4	20100	194032
20200.5	20200	172312
20302.4	20300	185344
20401.4	20400	205616
20500.4	20500	183896
20600.4	20600	212856
20701.4	20700	185344
20801.4	20800	228784
20901.4	20900	182448
21002.4	21000	227336
21100.4	21100	202720
21203.4	21200	225888
21300.5	21300	217200
21400.4	21400	225888
21511.5	21500	157832
21617.5	21600	149144
21718.5	21700	150592
21817.5	21800	154936
21900.5	21900	222992
22009.4	22000	238920
22100.5	22100	246160
22201.5	22200	230232
22300.4	22300	276568
22402.5	22400	233128
22500.4	22500	282360
22600.5	22600	228784
22703.5	22700	231680
22800.4	22800	249056
22900.5	22900	262088
23001.4	23000	292496
23100.4	23100	259192
23200.4	23200	302632
23301.1	23300	240368
23400.5	23400	292496
23500.4	23500	283808
23600.5	23600	234576
23701.4	23700	253400
23806.5	23800	293944
23901.5	23900	318560
24002.5	24000	278016
24101.5	24100	276568
24200.5	24200	301184
24300.6	24300	257744
24405.6	24400	308424
24501.5	24500	286704
24609.5	24600	296840
24700.5	24700	246160
24801.5	24800	315664
24900.5	24900	279464
25000.5	25000	253400
25100.6	25100	282360
25201.5	25200	298288
25300.5	25300	276568
25405.6	25400	279464
25503.5	25500	280912
25601.5	25600	283808
25702.6	25700	301184
25800.5	25800	343176
25900.5	25900	383720
26001.6	26000	362000
26106.5	26100	348968
26203.6	26200	312768
26300.5	26300	331592
26400.5	26400	359104
26518.6	26500	411232
26627.6	26600	250504
26723.6	26700	251952
26801.6	26800	217200
26900.5	26900	330144
27000.6	27000	376480
27103.5	27100	340280
27201.5	27200	360552
27306.6	27300	367792
27400.5	27400	298288
27506.5	27500	402544
27600.5	27600	380824
27700.5	27700	388064
27800.5	27800	395304
27900.6	27900	456120
28000.5	28000	405440
28100.6	28100	434400
28203.6	28200	377928
28301.6	28300	318560
28400.6	28400	411232
28500.6	28500	383720
28600.7	28600	383720
28700.5	28700	375032
28800.5	28800	360552
28901.5	28900	364896
29000.5	29000	292496
29101.6	29100	270776
29200.6	29200	167968
29301.6	29300	102808
29401.6	29400	379376
29500.6	29500	207064
29601.6	29600	207064
29700.6	29700	207064
29801.5	29800	207064
29900.6	29900	205616
30000.6	30000	254848
30100.6	30100	241816
30200.6	30200	253400
30301.6	30300	269328
30401.6	30400	259192
30501.7	30500	269328
30601.7	30600	267880
30701.6	30700	278016
30800.6	30800	278016
30900.6	30900	273672
31000.6	31000	292496
31101.2	31100	280912
31200.6	31200	299736
31301.6	31300	289600
31400.6	31400	305528
31500.7	31500	227336
31619.8	31600	331592
31725.7	31700	199824
31816.7	31800	201272
31913.7	31900	202720
32000.7	32000	185344
32107.4	32100	321456
32200.7	32200	302632
32300.6	32300	327248
32400.7	32400	322904
32500.6	32500	324352
32600.7	32600	333040
32701.7	32700	341728
32801.6	32800	337384
32900.7	32900	330144
33000.8	33000	340280
33100.6	33100	346072
33200.7	33200	354760
33300.6	33300	346072
33400.7	33400	353312
33500.7	33500	356208
33600.6	33600	363448
33701.6	33700	367792
33800.7	33800	350416
33900.7	33900	363448
34001.8	34000	377928
34100.8	34100	372136
34200.7	34200	367792
34300.7	34300	388064
34400.7	34400	376480
34500.9	34500	389512
34600.7	34600	383720
34700.7	34700	383720
34800.7	34800	386616
34900.8	34900	392408
35001.6	35000	386616
35100.7	35100	388064
35200.7	35200	388064
35301.7	35300	390960
35400.6	35400	379376
35500.7	35500	383720
35600.8	35600	392408
35700.7	35700	383720
35800.7	35800	383720
35900.7	35900	390960
36000.8	36000	383720
36101.7	36100	390960
36200.8	36200	388064
36301.7	36300	383720
36400.7	36400	390960
36500.7	36500	383720
36607.9	36600	367792
36733.8	36700	402544
36834.8	36800	304080
36924.8	36900	296840
37018.8	37000	305528
37100.7	37100	267880
37200.8	37200	390960
37301.7	37300	380824
37401.8	37400	357656
37500.7	37500	363448
37600.9	37600	353312
37700.7	37700	367792
37800.7	37800	353312
37900.8	37900	370688
38000.9	38000	390960
38100.7	38100	388064
38200.8	38200	382272
38300.7	38300	388064
38402.9	38400	347520
38501.9	38500	270776
38600.8	38600	47784
38701.1	38700	527072
38800.7	38800	228784
38900.8	38900	224440
39000.8	39000	237472
39106.8	39100	234576
39205.8	39200	227336
39302.7	39300	246160
39403.7	39400	250504
39503.8	39500	240368
39601.8	39600	241816
39700	39700	250504
39800.8	39800	238920
39902.8	39900	250504
40000.8	40000	278016
40100.8	40100	311320
40200.8	40200	295392
40301.8	40300	318560
40400.9	40400	295392
40500.8	40500	315664
40601.8	40600	314216
40700.8	40700	327248
40800.8	40800	318560
40901.8	40900	331592
41000.9	41000	331592
41100.8	41100	333040
41200.8	41200	335936
41301.9	41300	343176
41400.9	41400	337384
41500.9	41500	350416
41603.9	41600	357656
41730.9	41700	266432
41825.8	41800	191136
41918.9	41900	236024
42000.9	42000	199824
42101.9	42100	340280
42200.9	42200	357656
42300	42300	370688
42400.8	42400	356208
42501.8	42500	363448
42600.8	42600	354760
42701.3	42700	295392
42800.8	42800	276568
42900.8	42900	267880
43000.8	43000	264984
43100.8	43100	272224
43200.8	43200	218648
43302	43300	8688
43401.9	43400	399648
43501.9	43500	196928
43600.9	43600	196928
43700	43700	199824
43800.9	43800	189688
43900.8	43900	194032
44001.9	44000	202720
44100.8	44100	196928
44203.9	44200	204168
44300.9	44300	191136
44401.8	44400	211408
44500.9	44500	220096
44601.8	44600	227336
44700.8	44700	221544
44800	44800	241816
44900.8	44900	246160
45000.9	45000	238920
45107.9	45100	259192
45200.9	45200	204168
45301	45300	263536
45400.8	45400	260640
45500	45500	267880
45600.9	45600	272224
45700.9	45700	247608
45812.9	45800	292496
45901.9	45900	269328
46004.9	46000	270776
46100.9	46100	292496
46201.9	46200	276568
46300.9	46300	311320
46400.9	46400	272224
46502.9	46500	286704
46628.9	46600	295392
46725.9	46700	198376
46825.9	46800	199824
46919	46900	201272
47000.9	47000	204168
47100.9	47100	337384
47200.9	47200	302632
47302.9	47300	325800
47400.9	47400	311320
47500.9	47500	321456
47600.9	47600	341728
47700	47700	321456
47800.9	47800	341728
47900.9	47900	344624
48001	48000	296840
48100.9	48100	276568
48200.9	48200	262088
48300.9	48300	272224
48400	48400	266432
48501.9	48500	215752
48601	48600	199824
48700	48700	209960
48801	48800	127424
48900.9	48900	286704
49000	49000	179552
49100	49100	179552
49200	49200	191136
49301	49300	183896
49402	49400	192584
49500	49500	194032
49600	49600	198376
49700	49700	202720
49800	49800	204168
49901	49900	205616
50000	50000	208512
50101	50100	207064
50200	50200	214304
50301	50300	217200
50401.9	50400	220096
50503	50500	217200
50601	50600	204168
50701	50700	202720
50801	50800	211408
50901.9	50900	207064
51001	51000	202720
51100	51100	198376
51201	51200	167968
51300.1	51300	163624
51400	51400	165072
51509	51500	178104
51600	51600	124528
51700	51700	0
51834.1	51800	263536
51916.1	51900	86880
52000	52000	92672
52100.1	52100	143352
52201.1	52200	137560
52300	52300	144800
52401	52400	147696
52501.1	52500	152040
52601.1	52600	144800
52700	52700	166520
52801	52800	156384
52901	52900	172312
53001	53000	162176
53100.1	53100	179552
53201	53200	169416
53300	53300	188240
53400	53400	169416
53502	53500	198376
53600	53600	172312
53701	53700	205616
53800	53800	189688
53905	53900	209960
54000	54000	195480
54101.1	54100	204168
54200.7	54200	201272
54302.2	54300	207064
54401	54400	205616
54500	54500	183896
54600.1	54600	162176
54701.1	54700	167968
54801.1	54800	167968
54901	54900	163624
55000	55000	165072
55101.1	55100	167968
55200.1	55200	165072
55300.1	55300	167968
55401.1	55400	165072
55500.1	55500	165072
55601.1	55600	167968
55701.1	55700	167968
55800.1	55800	160728
55901.1	55900	167968
56000.1	56000	165072
56100.1	56100	167968
56200.1	56200	162176
56300	56300	166520
56400.1	56400	167968
56500.1	56500	165072
56601.1	56600	163624
56701.1	56700	165072
56820.1	56800	191136
56910.1	56900	147696
57000.1	57000	149144
57101.1	57100	166520
57200.1	57200	178104
57301.1	57300	211408
57400.1	57400	202720
57500.1	57500	208512
57601.1	57600	209960
57701.1	57700	246160
57800.2	57800	264984
57900.1	57900	267880
58000.1	58000	275120
58100.1	58100	264984
58201.1	58200	270776
58301.1	58300	272224
58400.1	58400	264984
58500.1	58500	273672
58600.1	58600	266432
58701.1	58700	270776
58800.2	58800	273672
58900.2	58900	269328
59000.1	59000	264984
59100.2	59100	273672
59201.1	59200	269328
59300.1	59300	273672
59401.2	59400	264984
59500.2	59500	267880
59609.3	59600	273672
59700.1	59700	186792
59802.2	59800	215752
59900.2	59900	250504
60001.2	60000	273672
60101.2	60100	250504
60202.1	60200	273672
60300.2	60300	264984
60400.2	60400	270776
60502.2	60500	275120
60601.2	60600	264984
60701.1	60700	250504
60801.2	60800	140456
60900.2	60900	144800
61001.2	61000	321456
61101.2	61100	183896
61200.1	61200	169416
61301.2	61300	165072
61400.2	61400	163624
61501.1	61500	167968
61600.2	61600	165072
61701.1	61700	167968
61800.2	61800	162176
61901.2	61900	176656
62001.2	62000	205616
62107.2	62100	185344
62240.2	62200	150592
62305.3	62300	120184
62400.3	62400	139008
62501.2	62500	167968
62600.2	62600	160728
62701.2	62700	163624
62802.2	62800	91224
62900.3	62900	28960
63008.3	63000	246160
63271.3	63100	52128
63271.4	63200	0
63473.4	63300	0
63473.5	63400	0
63537.2	63500	30408
63603.3	63600	98464
63701.2	63700	78192
63800.3	63800	49232
63927.2	63900	88328
64000.3	64000	55024
64120.4	64100	91224
64201.2	64200	68056
64312.3	64300	88328
64400.3	64400	82536
64506.3	64500	91224
64601.2	64600	94120
64700.2	64700	92672
64800.3	64800	104256
64901.3	64900	95568
65002.3	65000	110048
65101.3	65100	104256
65202.2	65200	114392
65301.3	65300	110048
65400.3	65400	115840
65500.3	65500	127424
65600.3	65600	121632
65700.3	65700	134664
65800.3	65800	127424
65901.2	65900	144800
66000.2	66000	131768
66101.3	66100	152040
66200.3	66200	136112
66300.4	66300	162176
66400.4	66400	147696
66500.3	66500	165072
66600.4	66600	159280
66701.2	66700	163624
66804.3	66800	173760
66900.4	66900	163624
67011.3	67000	179552
67113.4	67100	150592
67234.4	67200	117288
67306.3	67300	121632
67401.3	67400	165072
67501.3	67500	167968
67601.3	67600	128872
67701.3	67700	118736
67808.4	67800	112944
68030.4	67900	11584
68030.5	68000	0
68237.4	68100	0
68237.5	68200	0
68302.4	68300	4344
68400.4	68400	120184
68500.4	68500	146248
68601.4	68600	112944
68700.3	68700	98464
68800.4	68800	117288
68905.3	68900	108600
69009.4	69000	114392
69101.5	69100	121632
69207.3	69200	114392
69300.4	69300	134664
69400.4	69400	108600
69501.4	69500	156384
69600.4	69600	114392
69700.3	69700	157832
69802.4	69800	114392
69902.3	69900	118736
70139.4	70000	41992
70139.5	70100	0
70372.4	70200	0
70372.5	70300	0
