0	0	1
137.021	100	15928
201.037	200	30408
337.988	300	133216
401.895	400	88328
500.015	500	251952
600.839	600	330144
706.047	700	351864
800.867	800	370688
900.028	900	354760
1000.86	1000	385168
1101.01	1100	351864
1207.89	1200	396752
1301.95	1300	70952
1400.37	1400	366344
1501.98	1500	661736
1600.08	1600	347520
1701.03	1700	353312
1800.95	1800	347520
1900.07	1900	401096
2000.06	2000	350416
2100.01	2100	375032
2200.93	2200	376480
2300.1	2300	341728
2401.92	2400	375032
2500.96	2500	373584
2601.89	2600	359104
2700.04	2700	356208
2800.9	2800	364896
2901.03	2900	356208
3000.91	3000	375032
3103.02	3100	344624
3200.01	3200	375032
3300.91	3300	379376
3406.98	3400	304080
3500.03	3500	128872
3600	3600	598024
3700.07	3700	362000
3800.01	3800	398200
3900.04	3900	364896
4001.96	4000	331592
4101.05	4100	375032
4200.02	4200	306976
4303.01	4300	359104
4400.05	4400	375032
4507	4500	337384
4600.95	4600	354760
4700.02	4700	318560
4800.02	4800	376480
4901.02	4900	360552
5012.01	5000	346072
5128.99	5100	441640
5224.96	5200	321456
5314.99	5300	299736
5408.97	5400	327248
5508.01	5500	293944
5600	5600	335936
5700.23	5700	314216
5800.03	5800	377928
5900	5900	350416
6000.04	6000	325800
6107.01	6100	375032
6304.86	6200	2896
6304.97	6300	0
6400.07	6400	411232
6500.05	6500	359104
6606.1	6600	330144
6700.96	6700	359104
6805.05	6800	315664
6900	6900	348968
7004.14	7000	311320
7100.93	7100	351864
7201.02	7200	330144
7300.07	7300	324352
7400.09	7400	338832
7501.02	7500	337384
7602.06	7600	364896
7701.01	7700	328696
7803.11	7800	346072
7908.01	7900	354760
8000.06	8000	318560
8106.05	8100	334488
8206.12	8200	317112
8305.07	8300	334488
8400.08	8400	304080
8500.08	8500	282360
8600.02	8600	341728
8701.07	8700	333040
8800.09	8800	333040
8901.06	8900	305528
9001.1	9000	318560
9100.05	9100	348968
9200.07	9200	331592
9306.11	9300	340280
9401.06	9400	318560
9500.05	9500	348968
9600.08	9600	328696
9700.04	9700	343176
9800.07	9800	296840
9900.03	9900	363448
10006.1	10000	317112
10103.1	10100	327248
10208.1	10200	312768
10323.1	10300	340280
10414.1	10400	262088
10512.1	10500	289600
10600.1	10600	233128
10702.2	10700	293944
10803.2	10800	283808
10900.1	10900	304080
11000.1	11000	286704
11101.2	11100	309872
11200.2	11200	302632
11304.2	11300	302632
11408.1	11400	295392
11500.1	11500	286704
11606.2	11600	337384
11700.1	11700	289600
11800.1	11800	299736
11901.1	11900	298288
12006.1	12000	301184
12104.1	12100	291048
12204.1	12200	324352
12300.1	12300	279464
12400.1	12400	266432
12501.2	12500	270776
12607.2	12600	269328
12701.1	12700	269328
12803.2	12800	272224
12900.1	12900	283808
13000.1	13000	237472
13100.2	13100	0
13202.1	13200	558928
13304.2	13300	267880
13400.2	13400	293944
13500.1	13500	269328
13609.1	13600	266432
13700.2	13700	257744
13801.1	13800	282360
13901.2	13900	237472
14000.1	14000	266432
14107.2	14100	259192
14203.7	14200	272224
14301.1	14300	253400
14402.2	14400	236024
14500.1	14500	256296
14600.2	14600	251952
14701.2	14700	240368
14800.2	14800	218648
14902.3	14900	256296
15000.6	15000	262088
15100.2	15100	262088
15200.2	15200	40544
15308.2	15300	443088
15403.2	15400	195480
15529.2	15500	249056
15600.1	15600	141904
15700.3	15700	247608
15804.2	15800	247608
15904.3	15900	243264
16000.2	16000	267880
16101.3	16100	270776
16202.2	16200	243264
16303.3	16300	205616
16403.2	16400	234576
16500.2	16500	222992
16600.2	16600	241816
16700.2	16700	214304
16800.3	16800	246160
16900.2	16900	222992
17001.3	17000	218648
17101.3	17100	205616
17200.3	17200	227336
17301.3	17300	211408
17401.2	17400	238920
17500.2	17500	231680
17600.3	17600	169416
17700.3	17700	40544
17802.3	17800	418472
17903.3	17900	222992
18001.3	18000	236024
18100.3	18100	225888
18201.3	18200	228784
18300.3	18300	233128
18400.2	18400	195480
18501.2	18500	191136
18603.3	18600	194032
18701.3	18700	189688
18800.3	18800	201272
18900.2	18900	202720
19007.3	19000	207064
19108.2	19100	181000
19209.3	19200	208512
19308.4	19300	207064
19400.2	19400	185344
19501.3	19500	196928
19601.3	19600	205616
19702.3	19700	170864
19805.4	19800	188240
19906.4	19900	207064
20000.3	20000	182448
20100.2	20100	188240
20200.3	20200	209960
20320.3	20300	238920
20424.5	20400	169416
20514.4	20500	153488
20769.4	20600	81088
20771.3	20700	0
20800.4	20800	0
20904.2	20900	301184
21000.4	21000	154936
21101.3	21100	154936
21206.4	21200	185344
21300.3	21300	170864
21400.3	21400	170864
21614.4	21500	11584
21615.3	21600	0
21702.4	21700	175208
21989.5	21800	123080
21991.4	21900	0
22000.4	22000	0
22109.3	22100	186792
22205.3	22200	98464
22301.3	22300	115840
22428.4	22400	88328
22588.4	22500	0
22600.4	22600	0
22725.4	22700	144800
22947.3	22800	21720
22947.4	22900	0
23011.4	23000	1448
23101.4	23100	128872
23207.5	23200	63712
23306.3	23300	75296
23401.3	23400	66608
23503.4	23500	63712
23673.4	23600	83984
23832.5	23700	0
23832.5	23800	0
23903.4	23900	0
24127.4	24000	72400
24127.5	24100	0
24200.5	24200	1448
24307.4	24300	82536
24544.5	24400	13032
24544.6	24500	0
24747.5	24600	0
24747.6	24700	1448
24811.5	24800	24616
24938.4	24900	56472
25009.4	25000	21720
25100.4	25100	34752
25204.4	25200	34752
25303.5	25300	31856
25404.5	25400	37648
25523.5	25500	33304
25600.4	25600	28960
25709.5	25700	43440
25807.5	25800	46336
26097.6	25900	34752
26097.7	26000	0
26100.5	26100	0
26238.4	26200	55024
26305.4	26300	23168
26432.4	26400	47784
26505.4	26500	26064
26608.5	26600	43440
26700.5	26700	34752
26818.5	26800	30408
26981.5	26900	0
27034.4	27000	0
27100.4	27100	49232
27200.3	27200	37648
27330.5	27300	31856
27547.5	27400	8688
27547.6	27500	0
27751.5	27600	0
27751.6	27700	0
27815.4	27800	7240
27934.4	27900	43440
28028.5	28000	1448
28155.5	28100	0
28220.4	28200	0
28301.5	28300	41992
28416.4	28400	18824
28516.5	28500	28960
28613.5	28600	20272
28724.5	28700	31856
28812.4	28800	20272
28902.5	28900	28960
29011.4	29000	31856
29100.4	29100	31856
29363.5	29200	14480
29364.5	29300	0
29431.4	29400	0
29500.4	29500	44888
29627.5	29600	31856
29743.4	29700	27512
29916.5	29800	0
29916.6	29900	0
30024.4	30000	31856
30113.5	30100	17376
30324.5	30200	7240
30324.6	30300	0
30453.4	30400	26064
30518.5	30500	11584
30787.5	30600	11584
30787.6	30700	0
30852.5	30800	0
30918.5	30900	23168
31039.4	31000	18824
31106.6	31100	11584
31200.5	31200	14480
31307.6	31300	20272
31402.5	31400	18824
31711.6	31500	15928
31711.6	31600	0
31711.7	31700	0
31841.5	31800	27512
31906.5	31900	11584
32175.6	32000	11584
32175.6	32100	0
32243.5	32200	0
32308.5	32300	21720
32448.5	32400	21720
32716.6	32500	5792
32716.7	32600	0
32716.8	32700	0
32847.6	32800	17376
33258.6	32900	4344
33259.5	33000	0
33259.5	33100	0
33323.6	33200	1448
33326.5	33300	1448
33460.6	33400	14480
33525.6	33500	7240
33791.7	33600	5792
33791.7	33700	0
33865.6	33800	1448
33931.6	33900	10136
34001.6	34000	7240
34274.6	34100	7240
34274.6	34200	0
34787.6	34300	10136
34787.6	34400	0
34852.5	34500	1448
34854.5	34600	1448
34854.6	34700	1448
34855.5	34800	1448
34919.6	34900	1448
35055.6	35000	13032
35124.6	35100	8688
35205.6	35200	11584
35318.6	35300	13032
35820.8	35400	11584
35820.9	35500	0
35821.6	35600	0
35821.6	35700	0
35821.7	35800	0
35950.6	35900	15928
36016.6	36000	8688
36129.6	36100	18824
36216.6	36200	11584
36328.6	36300	17376
36404.5	36400	4344
36552.7	36500	0
36621.6	36600	0
36700.6	36700	28960
36819.6	36800	15928
36900.6	36900	17376
37219.6	37000	14480
37219.7	37100	0
37219.7	37200	0
37376.7	37300	18824
37442.7	37400	10136
37521.7	37500	11584
37656.7	37600	23168
37723.6	37700	11584
37806.6	37800	14480
38005.7	37900	0
38005.7	38000	0
38136.6	38100	21720
38201.6	38200	10136
38626.6	38300	5792
38627.6	38400	0
38627.7	38500	0
38627.7	38600	0
38766.7	38700	17376
38965.8	38800	4344
38965.9	38900	0
39030.6	39000	0
39298.7	39100	11584
39298.8	39200	0
39338.6	39300	0
39404.6	39400	11584
39540.7	39500	10136
39606.6	39600	5792
39736.6	39700	13032
39810.6	39800	4344
40005.9	39900	0
40005.9	40000	0
40318.8	40100	11584
40318.9	40200	0
40318.9	40300	0
40434.6	40400	11584
40500.6	40500	5792
40629.6	40600	10136
40724.7	40700	10136
41029.7	40800	7240
41029.8	40900	0
41029.8	41000	0
41298.7	41100	1448
41364.7	41200	8688
41364.8	41300	0
41429.7	41400	0
41561.7	41500	10136
41633.7	41600	4344
41906.8	41700	4344
41906.8	41800	0
41906.9	41900	0
42427.8	42000	8688
42427.9	42100	0
42492.7	42200	1448
42493.6	42300	1448
42494.6	42400	1448
42558.7	42500	1448
42623.8	42600	4344
42700.7	42700	11584
42808.7	42800	8688
42906.7	42900	14480
43014.7	43000	10136
43254.7	43100	5792
43254.7	43200	0
43471.8	43300	0
43471.9	43400	1448
43537.8	43500	4344
43603.8	43600	1448
43734.8	43700	11584
43800.8	43800	7240
43937.8	43900	18824
44143.8	44000	0
44144.8	44100	0
44209.8	44200	1448
44346.8	44300	20272
44422.8	44400	7240
44528.8	44500	11584
44619.8	44600	11584
