0	0	1
131.995	100	15928
233.093	200	34752
329.145	300	17376
400.106	400	82536
521.07	500	185344
600.094	600	299736
700.121	700	459016
800.074	800	608160
900.013	900	424264
1000.15	1000	175208
1108.1	1100	889072
1200.05	1200	356208
1300.02	1300	14480
1400.06	1400	244712
1502.11	1500	0
1600.19	1600	234576
1705.13	1700	85432
1800.09	1800	1419040
1906.06	1900	503904
2000.09	2000	503904
2100.04	2100	524176
2201.17	2200	553136
2302.07	2300	573408
2401.09	2400	567616
2500.11	2500	587888
2600.08	2600	596576
2700.13	2700	608160
2800.02	2800	596576
2900.07	2900	596576
3000.08	3000	608160
3100.09	3100	593680
3200.09	3200	602368
3300.13	3300	602368
3401.22	3400	596576
3500.13	3500	613952
3600.21	3600	602368
3700.14	3700	590784
3800.07	3800	608160
3900.1	3900	596576
4000.08	4000	605264
4100.1	4100	590784
4200.06	4200	602368
4300.1	4300	608160
4400.08	4400	596576
4501.15	4500	596576
4601.09	4600	613952
4700.23	4700	590784
4800.14	4800	613952
4900.11	4900	587888
5000.14	5000	596576
5100.18	5100	605264
5200.16	5200	602368
5300.09	5300	596576
5400.12	5400	599472
5500.24	5500	602368
5600.16	5600	608160
5700.18	5700	590784
5800.12	5800	602368
5900.11	5900	613952
6009.15	6000	553136
6100.14	6100	564720
6201.15	6200	683456
6300.11	6300	584992
6431.23	6400	599472
6525.15	6500	509696
6600.12	6600	432952
6700.12	6700	609608
6800.17	6800	595128
6900.13	6900	598024
7000.17	7000	593680
7100.11	7100	602368
7200.24	7200	608160
7302.15	7300	498112
7400.29	7400	201272
7503.19	7500	635672
7600.15	7600	317112
7701.27	7700	114392
7800.15	7800	253400
7900.09	7900	563272
8000.19	8000	369240
8104.21	8100	305528
8200.2	8200	249056
8308.15	8300	282360
8400.14	8400	86880
8500.22	8500	114392
8600.15	8600	396752
8700.19	8700	254848
8808.17	8800	280912
8900.24	8900	233128
9000.22	9000	295392
9102.16	9100	260640
9200.29	9200	315664
9300.11	9300	330144
9400.38	9400	366344
9501.2	9500	347520
9600.29	9600	405440
9700.23	9700	399648
9800.37	9800	447432
9900.34	9900	440192
10000.2	10000	487976
10100.2	10100	486528
10200.3	10200	515488
10300.2	10300	550240
10401.2	10400	556032
10500.3	10500	567616
10600.2	10600	595128
10701.3	10700	595128
10800.3	10800	589336
10900.4	10900	596576
11019.3	11000	580648
11128.3	11100	424264
11205.3	11200	182448
11304.2	11300	447432
11433.3	11400	582096
11520.3	11500	389512
11619.2	11600	445984
11709.6	11700	412680
11824.2	11800	412680
11906.3	11900	377928
12000.2	12000	415576
12106.2	12100	408336
12206.3	12200	453224
12300.3	12300	528520
12400.3	12400	511144
12507.3	12500	506800
12605.3	12600	296840
12705.4	12700	0
12801.3	12800	640016
12901.3	12900	301184
13000.3	13000	301184
13100.2	13100	312768
13200.3	13200	438744
13300.3	13300	470600
13401.3	13400	547344
13501.2	13500	545896
13600.3	13600	557480
13700.3	13700	571960
13800.3	13800	593680
13900.3	13900	606712
14000.5	14000	589336
14100.3	14100	605264
14200.3	14200	605264
14300.4	14300	602368
14400.4	14400	602368
14500.4	14500	595128
14600.3	14600	602368
14700.3	14700	605264
14800.4	14800	592232
14900.3	14900	602368
15000.3	15000	596576
15100.3	15100	600920
15200.3	15200	609608
15301.4	15300	589336
15403.3	15400	624088
15502.6	15500	600920
15600.3	15600	579200
15700.3	15700	598024
15800.3	15800	589336
15900.3	15900	596576
16000.3	16000	608160
16100.3	16100	595128
16200.3	16200	596576
16301.3	16300	609608
16400.3	16400	600920
16500.4	16500	589336
16601.3	16600	503904
16700.3	16700	293944
16911.4	16800	0
16913.4	16900	0
17115.4	17000	0
17117.3	17100	0
17200.4	17200	298288
17307.4	17300	428608
17404.5	17400	57920
17500.5	17500	238920
17601.4	17600	0
17700.6	17700	328696
17812.3	17800	373584
17914.3	17900	165072
18018.4	18000	176656
18100.4	18100	247608
18201.5	18200	236024
18306.5	18300	293944
18406.4	18400	312768
18500.4	18500	291048
18600.4	18600	308424
18706.4	18700	372136
18800.4	18800	395304
18900.5	18900	412680
19000.4	19000	482184
19101.4	19100	480736
19200.4	19200	540104
19300.3	19300	537208
19400.5	19400	570512
19500.7	19500	608160
19600.4	19600	602368
19700.3	19700	595128
19800.3	19800	602368
19900.4	19900	596576
20000.5	20000	613952
20102.4	20100	595128
20202.4	20200	511144
20300.4	20300	225888
20401.4	20400	693592
20500.6	20500	304080
20600.5	20600	43440
20706.5	20700	718208
20801.4	20800	328696
20900.4	20900	13032
21000.5	21000	289600
21100.4	21100	0
21201.4	21200	24616
21304.5	21300	202720
21401.4	21400	784816
21501.5	21500	369240
21600.5	21600	269328
21700.6	21700	396752
21800.5	21800	262088
21900.5	21900	272224
22001.4	22000	267880
22100.4	22100	267880
22200.4	22200	272224
22314.4	22300	305528
22410.5	22400	198376
22505.5	22500	296840
22600.5	22600	222992
22700.5	22700	224440
22800.5	22800	163624
22900.4	22900	398200
23000.5	23000	308424
23100.4	23100	360552
23200.4	23200	383720
23300.4	23300	379376
23400.4	23400	369240
23500.5	23500	401096
23600.4	23600	466256
23700.5	23700	501008
23800.5	23800	524176
23900.6	23900	443088
24002.5	24000	528520
24102.5	24100	499560
24206.5	24200	514040
24303.5	24300	489424
24400.4	24400	514040
24502.5	24500	477840
24600.5	24600	540104
24702.5	24700	474944
24804.6	24800	341728
24900.6	24900	0
25001.5	25000	750064
25101.5	25100	390960
25201.5	25200	360552
25300.5	25300	350416
25400.5	25400	15928
25502.5	25500	330144
25603.5	25600	619744
25700.6	25700	175208
25800.5	25800	83984
25903.6	25900	583544
26006.5	26000	305528
26100.5	26100	333040
26200.5	26200	356208
26301.6	26300	350416
26400.5	26400	363448
26500.6	26500	338832
26600.6	26600	353312
26709.6	26700	386616
26803.5	26800	327248
26908.7	26900	333040
27000.5	27000	347520
27110.5	27100	379376
27200.5	27200	327248
27300.5	27300	251952
27426.6	27400	86880
27524.5	27500	722552
27610.5	27600	312768
27730.5	27700	401096
27820.5	27800	343176
27914.5	27900	327248
28004.5	28000	315664
28100.6	28100	360552
28200.5	28200	390960
28300.6	28300	390960
28402.5	28400	380824
28500.7	28500	137560
28608.6	28600	108600
28701.6	28700	375032
28801.6	28800	587888
28901.5	28900	448880
29000.6	29000	441640
29101.6	29100	403992
29202.6	29200	463360
29306.6	29300	463360
29400.5	29400	489424
29501.6	29500	461912
29600.5	29600	496664
29700.6	29700	470600
29800.6	29800	531416
29900.6	29900	516936
30000.6	30000	459016
30108.6	30100	476392
30201.6	30200	362000
30301.6	30300	375032
30401.6	30400	140456
30500.8	30500	178104
30603.6	30600	781920
30700.6	30700	344624
30800.6	30800	196928
30901.6	30900	540104
31001.6	31000	389512
31100.6	31100	383720
31200.6	31200	367792
31301.6	31300	353312
31400.6	31400	356208
31500.5	31500	364896
31606.6	31600	318560
31700.6	31700	46336
31800.6	31800	36200
31900.7	31900	222992
32002.7	32000	485080
32101.6	32100	247608
32201.6	32200	554584
32301.7	32300	257744
32401.7	32400	98464
32500.6	32500	89776
32600.7	32600	139008
32702.6	32700	288152
32801.7	32800	157832
32900.6	32900	444536
33007.6	33000	250504
33119.6	33100	146248
33202.6	33200	73848
33313.7	33300	466256
33422.7	33400	212856
33524.7	33500	257744
33607.7	33600	173760
33700.7	33700	256296
33800.7	33800	333040
33900.6	33900	380824
34000.6	34000	386616
34100.7	34100	380824
34200.6	34200	390960
34300.7	34300	383720
34400.7	34400	399648
34500.7	34500	375032
34601.7	34600	392408
34700.6	34700	386616
34800.7	34800	383720
34900.6	34900	388064
35000.6	35000	380824
35100.7	35100	357656
35200.6	35200	363448
35306.6	35300	337384
35401.7	35400	150592
35500.7	35500	140456
35600.8	35600	159280
35700.7	35700	419920
35800.8	35800	154936
35901.8	35900	0
36000.7	36000	5792
36100.8	36100	0
36200.7	36200	567616
36300.6	36300	487976
36400.7	36400	196928
36500.7	36500	97016
36600.7	36600	15928
36701.7	36700	370688
36801.7	36800	383720
36901.7	36900	202720
37000.7	37000	202720
37100.7	37100	207064
37200.7	37200	207064
37301.7	37300	207064
37401.7	37400	207064
37501.7	37500	207064
37600.7	37600	207064
37701.7	37700	204168
37801.7	37800	207064
37900.8	37900	115840
38001.8	38000	350416
38101.7	38100	266432
38226.7	38200	278016
38300.8	38300	238920
38418.8	38400	346072
38500.9	38500	291048
38600.8	38600	320008
38700.8	38700	377928
38800.9	38800	390960
38900.7	38900	366344
39000.7	39000	389512
39101.7	39100	362000
39210.8	39200	275120
39308.8	39300	0
39407.8	39400	508248
39503.9	39500	253400
39603.8	39600	253400
39702.7	39700	253400
39804.8	39800	293944
39900.7	39900	382272
40000.8	40000	386616
40100.7	40100	388064
40201.8	40200	383720
40300.8	40300	382272
40400.7	40400	360552
40503.9	40500	318560
40600.8	40600	99912
40700.9	40700	185344
40800.8	40800	321456
40901	40900	160728
41000.8	41000	5792
41100.8	41100	262088
41200.8	41200	236024
41300.9	41300	493768
41400.9	41400	291048
41500	41500	269328
41600.8	41600	276568
41701.9	41700	266432
41801.8	41800	241816
41902.8	41900	269328
42000.8	42000	331592
42100.8	42100	341728
42210.9	42200	360552
42303.9	42300	286704
42402.9	42400	322904
42504.8	42500	246160
42602.8	42600	28960
42700.1	42700	1448
42801.8	42800	677664
42901.8	42900	259192
43001.7	43000	207064
43100.8	43100	202720
43200.9	43200	125976
43307	43300	0
43408.9	43400	0
43505.9	43500	295392
43614.9	43600	482184
43700.9	43700	14480
43801.9	43800	2896
43900.8	43900	81088
44001.8	44000	137560
44108	44100	140456
44202.8	44200	388064
44300.9	44300	160728
44400.9	44400	160728
44501.8	44500	165072
44601.9	44600	167968
44700.9	44700	160728
44803.9	44800	172312
44900.9	44900	157832
45001.8	45000	167968
45103.9	45100	169416
45200.9	45200	162176
45301.9	45300	165072
45400.9	45400	165072
45501.8	45500	167968
45601.9	45600	167968
45702	45700	43440
45801	45800	125976
45902.9	45900	327248
46001.8	46000	165072
46101.9	46100	163624
46200.9	46200	169416
46301.9	46300	178104
46401.9	46400	183896
46501.7	46500	204168
46601	46600	191136
46700.9	46700	114392
46801	46800	76744
46900.9	46900	308424
47001.8	47000	167968
47100.8	47100	165072
47201.9	47200	167968
47300.9	47300	154936
47400	47400	0
47500.9	47500	181000
47600.9	47600	325800
47701	47700	163624
47801	47800	167968
47900.9	47900	165072
48000	48000	167968
48100.9	48100	165072
48200	48200	146248
48300	48300	0
48401.9	48400	353312
48509.9	48500	176656
48605	48600	139008
48701	48700	159280
48800	48800	167968
48900.1	48900	195480
49001	49000	207064
49102	49100	211408
49200	49200	199824
49300	49300	204168
49400	49400	209960
49501.9	49500	208512
49602	49600	209960
49700.9	49700	204168
49800	49800	257744
49900.9	49900	279464
50000.1	50000	264984
50101	50100	272224
50201.1	50200	267880
50301	50300	270776
50401	50400	272224
50500.9	50500	247608
50601	50600	83984
50700	50700	128872
50801	50800	266432
50900	50900	198376
51000.9	51000	359104
51100.9	51100	207064
51200.9	51200	207064
51300	51300	202720
51401	51400	207064
51500.1	51500	207064
51600	51600	202720
51700	51700	207064
51800	51800	33304
51901	51900	173760
52002	52000	418472
52100	52100	196928
52201	52200	208512
52301	52300	107152
52400	52400	60816
52501	52500	318560
52601	52600	0
52701	52700	350416
52801	52800	167968
52900	52900	170864
53002	53000	189688
53100	53100	202720
53201	53200	211408
53300	53300	204168
53400	53400	207064
53501	53500	209960
53601.1	53600	207064
53721.1	53700	240368
53811.1	53800	186792
53900.1	53900	150592
54001.1	54000	55024
54100	54100	117288
54200	54200	152040
54300	54300	344624
54420	54400	121632
54588.1	54500	0
54798.1	54600	0
54801.1	54700	0
54801.2	54800	0
54902.1	54900	78192
55000.1	55000	36200
55100.1	55100	288152
55201.2	55200	23168
55300	55300	240368
55409.1	55400	139008
55501.1	55500	169416
55601.2	55600	163624
55702.1	55700	165072
55800.1	55800	167968
55904	55900	167968
56001.1	56000	165072
56100.1	56100	160728
56200	56200	165072
56300.1	56300	167968
56401.1	56400	167968
56501.1	56500	163624
56600.1	56600	52128
56701.1	56700	275120
56801.1	56800	170864
56900	56900	160728
57001.1	57000	169416
57100.1	57100	166520
57201.1	57200	165072
57300	57300	163624
57401.1	57400	131768
57501	57500	227336
57601.1	57600	207064
57700.1	57700	202720
57801.1	57800	207064
57900.1	57900	202720
58001.1	58000	208512
58101.1	58100	207064
58201.1	58200	207064
58301.1	58300	207064
58401.1	58400	207064
58501.2	58500	156384
58601.1	58600	0
58701.1	58700	1448
58801.1	58800	390960
58900.2	58900	70952
59000.1	59000	179552
59261.2	59100	44888
59261.3	59200	0
59478.3	59300	0
59478.4	59400	0
59511.2	59500	0
60881.2	59600	55024
61005.2	59700	1448
61068.2	59800	26064
61069.2	59900	0
61134.2	60000	4344
61134.4	60100	2896
61136.1	60200	27512
61136.3	60300	0
61138.1	60400	7240
61138.3	60500	17376
61138.4	60600	7240
61140.2	60700	23168
61140.2	60800	2896
61142.2	60900	1448
61142.3	61000	1448
61143.1	61100	1448
61200.1	61200	52128
61300.1	61300	130320
61400.2	61400	10136
61508.2	61500	333040
61602.1	61600	124528
61700.2	61700	105704
61800.1	61800	115840
61901.1	61900	124528
62001.2	62000	118736
62100.1	62100	118736
62202.2	62200	124528
62300.3	62300	57920
62400.2	62400	0
62500.2	62500	94120
62600.1	62600	121632
62701.2	62700	330144
62801.2	62800	121632
62900.3	62900	27512
63001.2	63000	0
63262.2	63100	85432
63262.4	63200	0
63327.2	63300	111496
63753.3	63400	0
63753.5	63500	0
63753.5	63600	0
63753.5	63700	0
63808.2	63800	13032
65886.3	63900	70952
65951.7	64000	1448
65951.8	64100	121632
65953.2	64200	1448
65953.3	64300	1448
65955.4	64400	5792
65957.2	64500	15928
65957.3	64600	1448
65958.4	64700	2896
65959.4	64800	0
65960.2	64900	1448
65961.2	65000	7240
65963.3	65100	0
65964.2	65200	0
65965.2	65300	0
65966.3	65400	0
65967.2	65500	1448
65968.2	65600	1448
65970.8	65700	2896
65971.2	65800	0
65972.2	65900	1448
66000.2	66000	33304
66100.2	66100	13032
66200.2	66200	0
66303.3	66300	0
66403.3	66400	0
66500.3	66500	0
66600.2	66600	0
66701.2	66700	0
67232.3	66800	82536
67298.3	66900	1448
67298.4	67000	1448
67299.3	67100	1096136
67364.3	67200	1448
67364.5	67300	1448
67400.3	67400	65160
67500.3	67500	88328
67601.3	67600	167968
67701.3	67700	152040
67801.3	67800	182448
67900.3	67900	163624
68000.3	68000	167968
68106.3	68100	160728
68207.5	68200	105704
68300.3	68300	0
68407.4	68400	101360
68501.3	68500	398200
68601.3	68600	186792
68700.4	68700	204168
68802.3	68800	211408
68924.4	68900	240368
69000.4	69000	133216
69100.2	69100	266432
69210.4	69200	293944
69300.3	69300	240368
69401.4	69400	275120
69500.4	69500	267880
69600.3	69600	269328
69700.3	69700	266432
69800.3	69800	272224
69900.3	69900	92672
70001.4	70000	0
70100.3	70100	46336
70200.3	70200	0
70301.3	70300	0
70547.5	70400	0
70547.6	70500	0
70633.4	70600	8688
70700.4	70700	30408
70999.4	70800	369240
70999.6	70900	0
71209.7	71000	0
71209.8	71100	0
71210.4	71200	0
71301.4	71300	0
71557.4	71400	0
71763.4	71500	0
71763.5	71600	0
71763.5	71700	0
71834.4	71800	23168
71900.4	71900	305528
72144.4	72000	70952
72144.5	72100	0
72209.4	72200	0
72300.3	72300	0
72401.3	72400	0
72500.4	72500	0
72801.5	72600	0
72801.6	72700	0
72801.6	72800	0
73009.5	72900	0
73009.6	73000	0
73572.6	73100	163624
73572.7	73200	0
73572.7	73300	0
73572.7	73400	0
73572.7	73500	0
73639.5	73600	0
74049.6	73700	0
74049.6	73800	0
74049.6	73900	0
74049.7	74000	0
74115.5	74100	0
74526.6	74200	0
74526.6	74300	2896
74592.5	74400	1448
74796.5	74500	0
74796.6	74600	0
75960.6	74700	1448
76026.4	74800	11584
76029.4	74900	23168
