0	0	1
153.96	100	15928
2353.1	200	1448
2619.12	300	7240
2619.21	400	1448
2824.15	500	0
3027.15	600	0
3028.18	700	4344
3028.21	800	1448
3028.23	900	14480
3028.26	1000	0
3030.14	1100	0
3030.18	1200	0
3091.13	1300	1448
3091.25	1400	2896
3091.29	1500	1448
3093.1	1600	7240
3096.12	1700	1448
3096.22	1800	1448
3114.17	1900	1448
3114.27	2000	1448
3114.29	2100	1448
3116.14	2200	1448
3118.09	2300	1448
3156.13	2400	1448
3156.22	2500	1448
3161.13	2600	1448
3178.12	2700	2896
3179.09	2800	2896
3182.05	2900	2896
3220.12	3000	2896
3222.09	3100	1448
3224.24	3200	1448
3308.07	3300	17376
3414.48	3400	23168
3500.15	3500	20272
3604.06	3600	24616
3733.05	3700	34752
3802.14	3800	23168
3925.08	3900	34752
4013.03	4000	31856
4120.13	4100	34752
4207.06	4200	34752
4314.08	4300	39096
4400.05	4400	37648
4506.13	4500	40544
4602.08	4600	46336
4700.15	4700	41992
4800.11	4800	53576
4903.09	4900	43440
5028.26	5000	63712
5107.08	5100	46336
5220.13	5200	57920
5300.1	5300	49232
5413.26	5400	62264
5505.13	5500	55024
5606.07	5600	63712
5701.13	5700	62264
5800.09	5800	66608
5907.14	5900	63712
6005.1	6000	75296
6101.09	6100	62264
6209.11	6200	81088
6303.11	6300	66608
6404.11	6400	81088
6900.21	6500	59368
6900.31	6600	0
6900.34	6700	0
6900.37	6800	0
6900.38	6900	0
7369.21	7000	0
7633.18	7100	1448
7633.27	7200	1448
7633.31	7300	34752
7633.37	7400	0
7634.2	7500	0
7634.25	7600	0
7701.68	7700	0
7829.11	7800	59368
7901.1	7900	27512
8010.17	8000	24616
8109.12	8100	34752
8219.14	8200	26064
8302.16	8300	36200
8431.16	8400	28960
8504.16	8500	21720
8642.17	8600	47784
8706.17	8700	24616
8824.16	8800	49232
8900.15	8900	28960
9028.16	9000	55024
9101.24	9100	44888
9222.18	9200	44888
9301.19	9300	60816
9415.15	9400	36200
9543.2	9500	68056
9607.18	9600	34752
9736.19	9700	72400
9800.2	9800	37648
9939.18	9900	76744
10004.2	10000	40544
10129.3	10100	79640
10200.2	10200	49232
10325.2	10300	81088
10400.2	10400	59368
10513.4	10500	75296
10601.3	10600	69504
10709.3	10700	72400
10800.2	10800	81088
10901.2	10900	66608
11000.2	11000	98464
11100.3	11100	63712
11200.2	11200	92672
11300.3	11300	81088
11412.3	11400	92672
11502.2	11500	89776
11604.2	11600	83984
11706.2	11700	86880
11801.2	11800	98464
11900.2	11900	86880
12003.3	12000	110048
12100.3	12100	92672
12202.3	12200	111496
12301.3	12300	101360
12411.3	12400	104256
12500.4	12500	104256
12602.3	12600	104256
12701.3	12700	118736
12801.4	12800	110048
12901.2	12900	123080
13001.3	13000	105704
13100.3	13100	125976
13226.3	13200	98464
13300.3	13300	112944
13418.3	13400	121632
13513.3	13500	83984
13609.2	13600	95568
13704.4	13700	150592
13800.3	13800	107152
13900.3	13900	153488
14006.3	14000	127424
14119.3	14100	141904
14200.3	14200	133216
14308.3	14300	144800
14411.5	14400	125976
14501.4	14500	146248
14601.3	14600	139008
14709.3	14700	153488
14800.5	14800	147696
14901.3	14900	147696
15002.4	15000	196928
15107.3	15100	186792
15202.3	15200	194032
15300.4	15300	228784
15400.3	15400	222992
15500.3	15500	249056
15600.2	15600	254848
15701.2	15700	282360
15801.3	15800	278016
15902.2	15900	304080
16001.3	16000	301184
16100.3	16100	321456
16200.4	16200	333040
16300.3	16300	347520
16400.3	16400	362000
16500.4	16500	359104
16600.3	16600	364896
16700.3	16700	360552
16801.4	16800	360552
16906.3	16900	338832
17000.4	17000	227336
17101.3	17100	33304
17200.3	17200	456120
17300.4	17300	263536
17400.3	17400	278016
17501.4	17500	263536
17600.5	17600	275120
17700.3	17700	266432
17800.4	17800	225888
17900.3	17900	211408
18000.4	18000	134664
18101.4	18100	88328
18200.3	18200	415576
18300.4	18300	269328
18400.4	18400	250504
18517.4	18500	228784
18610.4	18600	185344
18701.4	18700	179552
18800.5	18800	214304
18901.5	18900	267880
19000.4	19000	272224
19100.5	19100	269328
19200.3	19200	269328
19300.5	19300	269328
19401.3	19400	266432
19500.3	19500	275120
19601.4	19600	269328
19700.3	19700	263536
19800.4	19800	272224
19901.4	19900	269328
20000.4	20000	220096
20101.4	20100	205616
20200.4	20200	202720
20300.4	20300	211408
20400.4	20400	202720
20500.3	20500	208512
20600.4	20600	208512
20700.4	20700	205616
20800.4	20800	205616
20901.4	20900	211408
21001.4	21000	257744
21101.5	21100	228784
21201.4	21200	231680
21301.4	21300	202720
21400.3	21400	208512
21500.4	21500	205616
21600.4	21600	208512
21700.4	21700	202720
21800.5	21800	208512
21901.5	21900	208512
22000.5	22000	202720
22102.6	22100	208512
22200.5	22200	205616
22300.4	22300	205616
22400.5	22400	208512
22501.4	22500	208512
22600.5	22600	202720
22700.4	22700	199824
22801.5	22800	196928
22901.5	22900	202720
23001.5	23000	208512
23101.4	23100	208512
23202.3	23200	202720
23300.4	23300	208512
23401.4	23400	266432
23500.4	23500	267880
23600.6	23600	263536
23703.4	23700	251952
23800.5	23800	202720
23900.6	23900	254848
24005.6	24000	289600
24100.6	24100	295392
24200.4	24200	283808
24303.5	24300	289600
24404.5	24400	246160
24502.5	24500	275120
24601.4	24600	272224
24700.5	24700	269328
24800.6	24800	272224
24900.5	24900	225888
25000.4	25000	208512
25100.5	25100	208512
25204.5	25200	194032
25300.6	25300	14480
25400.5	25400	208512
25500.4	25500	288152
25601.5	25600	208512
25700.5	25700	202720
25800.5	25800	205616
25901.5	25900	260640
26000.6	26000	254848
26100.5	26100	275120
26200.5	26200	283808
26300.5	26300	280912
26400.4	26400	304080
26500.5	26500	304080
26600.5	26600	309872
26700.5	26700	318560
26801.5	26800	304080
26901.6	26900	266432
27001.5	27000	257744
27101.8	27100	266432
27200.6	27200	309872
27300.5	27300	315664
27400.5	27400	353312
27500.5	27500	295392
27601.5	27600	359104
27706.5	27700	279464
27800.6	27800	275120
27900.6	27900	295392
28134.6	28000	47784
28135.5	28100	0
28210.6	28200	0
28320.5	28300	383720
28497.5	28400	2896
28500.6	28500	14480
28605.6	28600	188240
28704.5	28700	175208
28808.6	28800	169416
28901.7	28900	188240
29001.7	29000	257744
29100.6	29100	228784
29201.5	29200	260640
29300.6	29300	260640
29402.6	29400	233128
29507.7	29500	267880
29600.6	29600	270776
29710.6	29700	208512
29800.6	29800	263536
29901.5	29900	263536
30000.6	30000	240368
30100.6	30100	301184
30200.6	30200	289600
30305.6	30300	292496
30404.6	30400	260640
30500.6	30500	298288
30600.6	30600	278016
30704.6	30700	275120
30807.6	30800	291048
30900.6	30900	196928
31000.7	31000	280912
31100.5	31100	286704
31201.6	31200	278016
31308.6	31300	306976
31401.5	31400	283808
31500.6	31500	286704
31600.5	31600	275120
31700.6	31700	237472
31800.6	31800	335936
31902.7	31900	240368
32000.6	32000	251952
32100.7	32100	254848
32200.6	32200	278016
32301.6	32300	257744
32405.6	32400	266432
32500.6	32500	306976
32600.6	32600	306976
32700.7	32700	318560
32800.7	32800	304080
32901.7	32900	273672
33001.7	33000	272224
33100.6	33100	275120
33200.6	33200	205616
33545.7	33300	26064
33545.7	33400	1448
33545.7	33500	1448
33800.7	33600	5792
33800.8	33700	1448
33800.8	33800	1448
33900.7	33900	175208
34007.7	34000	318560
34100.7	34100	176656
34201.7	34200	278016
34303.7	34300	211408
34400.7	34400	217200
34500.6	34500	214304
34600.7	34600	269328
34700.6	34700	263536
34800.7	34800	275120
34903	34900	217200
35001.6	35000	312768
35100.6	35100	240368
35200.7	35200	312768
35301.7	35300	249056
35401.6	35400	324352
35502.7	35500	263536
35601.7	35600	312768
35700.7	35700	283808
35800.6	35800	292496
35900.6	35900	231680
36000.8	36000	289600
36101.7	36100	324352
36200.7	36200	306976
36300.6	36300	289600
36408.7	36400	306976
36502.7	36500	272224
36601.7	36600	309872
36700.7	36700	321456
36800.7	36800	306976
36900.7	36900	324352
37000.7	37000	315664
37100.6	37100	327248
37200.7	37200	286704
37300.7	37300	304080
37401.8	37400	338832
37500.7	37500	312768
37601.7	37600	295392
37700.7	37700	266432
37800.7	37800	266432
37900.7	37900	278016
38000.7	38000	266432
38100.7	38100	266432
38200.7	38200	275120
38300.7	38300	266432
38401.8	38400	269328
38500.7	38500	272224
38618.7	38600	264984
38709.7	38700	209960
38805.4	38800	209960
38900.7	38900	198376
39001.7	39000	257744
39101.8	39100	273672
39200.7	39200	266432
39306.8	39300	280912
39400.8	39400	304080
39500.8	39500	321456
39600.8	39600	309872
39700.9	39700	318560
39800.7	39800	327248
39901.8	39900	321456
40000.8	40000	289600
40100.8	40100	338832
40200.9	40200	324352
40300.7	40300	335936
40408.8	40400	333040
40500.8	40500	315664
40601.8	40600	338832
40701.8	40700	335936
40800.7	40800	234576
40907.8	40900	301184
41000.9	41000	341728
41100.8	41100	327248
41200.8	41200	312768
41302.9	41300	390960
41400.8	41400	318560
41500.9	41500	376480
41600.8	41600	338832
41706.9	41700	344624
41800.8	41800	302632
41900.2	41900	275120
42000	42000	260640
42100.8	42100	359104
42201	42200	364896
42300.8	42300	364896
42400.9	42400	353312
42500.9	42500	359104
42600	42600	359104
42700.8	42700	335936
42801.8	42800	347520
42900.3	42900	353312
43000.9	43000	379376
43100.8	43100	376480
43200	43200	367792
43301.8	43300	379376
43400.9	43400	362000
43500	43500	362000
43603.9	43600	363448
43702.9	43700	276568
43811.9	43800	283808
43906	43900	292496
44000.9	44000	283808
44100.9	44100	337384
44200	44200	351864
44300	44300	364896
44401.8	44400	379376
44500.1	44500	338832
44602.9	44600	364896
44700	44700	272224
44805.8	44800	289600
44900.9	44900	57920
45001	45000	220096
45100.9	45100	493768
45200	45200	260640
45300.9	45300	254848
45400.9	45400	306976
45506.9	45500	350416
45604	45600	347520
45700	45700	428608
45800.9	45800	393856
45900.5	45900	399648
46002.9	46000	411232
46103	46100	362000
46208.9	46200	422816
46300	46300	344624
46401.9	46400	437296
46500.9	46500	419920
46600.9	46600	375032
46700.9	46700	364896
46800.9	46800	425712
46901	46900	437296
47000	47000	309872
47100	47100	373584
47200.9	47200	385168
47302.9	47300	327248
47401	47400	131768
47501	47500	376480
47600.8	47600	205616
47701	47700	202720
47800.9	47800	211408
47900.4	47900	234576
48000	48000	272224
48100	48100	324352
48200.1	48200	321456
48300	48300	364896
48400	48400	367792
48500	48500	370688
48600	48600	370688
48702	48700	370688
48800	48800	330144
48900.5	48900	269328
49002	49000	341728
49120	49100	422816
49219.9	49200	260640
49325	49300	288152
49415.9	49400	259192
49502.1	49500	191136
49609	49600	341728
49707.2	49700	359104
49801	49800	434400
49900.5	49900	364896
50000.9	50000	445984
50100	50100	382272
50200.9	50200	419920
50300.1	50300	414128
50400.9	50400	411232
50500	50500	390960
50600.9	50600	422816
50703	50700	396752
50800	50800	443088
50900.6	50900	388064
51001.1	51000	454672
51100	51100	388064
51200	51200	445984
51300	51300	390960
51401	51400	376480
51502.2	51500	315664
51600.9	51600	373584
51700	51700	388064
51807	51800	347520
51900.6	51900	353312
52000.2	52000	298288
52100	52100	283808
52201.1	52200	306976
52300	52300	370688
52400	52400	382272
52502	52500	405440
52601.1	52600	396752
52700	52700	422816
52800.1	52800	411232
52900.7	52900	440192
53001.1	53000	428608
53100	53100	417024
53200.1	53200	445984
53300	53300	405440
53400	53400	431504
53506	53500	373584
53605	53600	347520
53700	53700	393856
53800	53800	388064
53900.7	53900	390960
54000.1	54000	379376
54103	54100	324352
54216.1	54200	370688
54315.2	54300	292496
54415	54400	298288
54511	54500	266432
54610	54600	295392
54701	54700	296840
54802	54800	298288
54900	54900	476392
55000	55000	447432
55101	55100	474944
55200.1	55200	453224
55301	55300	480736
55401	55400	450328
55500.1	55500	479288
55601.1	55600	467704
55700.1	55700	485080
55801.2	55800	466256
55910.1	55900	474944
56000.1	56000	448880
56101	56100	483632
56200.1	56200	464808
56300.1	56300	461912
56400.1	56400	508248
56500.2	56500	490872
56600.1	56600	376480
56702.1	56700	489424
56800.1	56800	466256
56901.2	56900	545896
57001.2	57000	531416
57100.1	57100	544448
57201.2	57200	547344
57300.1	57300	548792
57400	57400	573408
57500.1	57500	557480
57600.1	57600	561824
57701.1	57700	574856
57800.1	57800	532864
57900.1	57900	603816
58000.1	58000	602368
58100	58100	558928
58200	58200	615400
58300.1	58300	598024
58400.1	58400	602368
58505.1	58500	388064
58679.1	58600	30408
58709.1	58700	101360
58808.2	58800	515488
58901.2	58900	220096
59007.2	59000	211408
59102.1	59100	624088
59217.2	59200	430056
59312.1	59300	341728
59407.2	59400	298288
59506.1	59500	215752
59620.2	59600	363448
59700.2	59700	178104
59801.2	59800	5792
59904.2	59900	543000
60020.1	60000	279464
60117.2	60100	253400
60206.1	60200	207064
60303.1	60300	269328
60400.2	60400	347520
60502.2	60500	392408
60600.2	60600	403992
60700.1	60700	411232
60800.2	60800	438744
60900.1	60900	418472
61000.2	61000	467704
61100.1	61100	428608
61200.1	61200	447432
61301.2	61300	457568
61400.1	61400	450328
61501.2	61500	447432
61600.2	61600	474944
61702.2	61700	463360
61800.1	61800	485080
61900.2	61900	432952
62000.1	62000	415576
62100.2	62100	495216
62202.2	62200	459016
62301.2	62300	448880
62400.1	62400	485080
62500.2	62500	448880
62766.2	62600	55024
62768.2	62700	10136
62987.2	62800	2896
62992.2	62900	17376
63000.2	63000	53576
63103.2	63100	383720
63201.2	63200	283808
63441.3	63300	209960
63441.4	63400	2896
63501.2	63500	233128
63601.2	63600	379376
63700.3	63700	344624
63800.3	63800	262088
63903.2	63900	279464
64000.2	64000	280912
64103.2	64100	333040
64213.2	64200	363448
64307.2	64300	250504
64408.2	64400	238920
64500.2	64500	238920
64602.2	64600	260640
64705.2	64700	383720
64800.2	64800	401096
64901.2	64900	393856
65007.3	65000	386616
65108.2	65100	347520
65205.3	65200	385168
65302.3	65300	362000
65400.2	65400	456120
65500.2	65500	418472
65602.3	65600	376480
65700.3	65700	353312
65800.3	65800	405440
65903.3	65900	409784
66000.2	66000	390960
66106.3	66100	470600
66201.2	66200	463360
66301.3	66300	438744
66401.2	66400	479288
66501.2	66500	459016
66600.3	66600	480736
66701.4	66700	461912
66800.3	66800	473496
66900.2	66900	461912
67000.3	67000	479288
67106.3	67100	469152
67201.2	67200	467704
67300.3	67300	469152
67401.3	67400	482184
67500.2	67500	476392
67601.3	67600	440192
67701.3	67700	472048
67800.3	67800	506800
67900.3	67900	417024
68001.4	68000	509696
68106.3	68100	444536
68201.3	68200	422816
68300.3	68300	515488
68401.3	68400	448880
68501.4	68500	457568
68600.3	68600	474944
68700.3	68700	440192
68800.4	68800	464808
68906.3	68900	505352
69000.4	69000	470600
69100.3	69100	474944
69200.3	69200	482184
69300.4	69300	474944
69401.3	69400	425712
69501.4	69500	247608
69600.3	69600	448880
69725.3	69700	377928
69825.3	69800	278016
70039.4	69900	0
70039.5	70000	0
70102.4	70100	1448
70200.3	70200	189688
70301.3	70300	66608
70408.3	70400	241816
70501.4	70500	4344
70600.4	70600	0
70700.3	70700	321456
70800.4	70800	104256
71045.4	70900	179552
71045.5	71000	0
71110.4	71100	1448
71201.3	71200	207064
71301.4	71300	115840
71403.3	71400	95568
71501.3	71500	111496
71600.4	71600	123080
71708.4	71700	124528
71801.4	71800	130320
71901.3	71900	120184
72001.4	72000	136112
72101.4	72100	130320
72200.3	72200	137560
72313.4	72300	117288
72402.4	72400	139008
72507.4	72500	127424
72600.4	72600	141904
72700.3	72700	130320
72800.4	72800	150592
72902.4	72900	137560
73000.4	73000	157832
73101.5	73100	140456
73201.4	73200	162176
73301.4	73300	140456
73405.4	73400	157832
73500.4	73500	149144
73601.4	73600	157832
73700.4	73700	152040
73801.4	73800	162176
73900.4	73900	157832
74000.4	74000	169416
74100.4	74100	160728
74201.4	74200	167968
74302.4	74300	172312
74400.5	74400	162176
74502.4	74500	178104
74600.5	74600	173760
74707.5	74700	159280
74800.5	74800	120184
74900.5	74900	133216
75002.4	75000	149144
75101.5	75100	162176
75201.4	75200	165072
75300.5	75300	153488
75408.4	75400	173760
75502.5	75500	139008
75601.5	75600	118736
75701.4	75700	118736
75800.4	75800	121632
75900.4	75900	121632
76000.5	76000	121632
76101.5	76100	121632
76361.6	76200	62264
76363.5	76300	0
