0	0	1
210.034	100	1448
210.142	200	1448
305.904	300	28960
415.937	400	55024
502.979	500	63712
611.939	600	85432
700.904	700	31856
812.922	800	39096
953.981	900	121632
1001.94	1000	0
1103.06	1100	50680
1202.99	1200	159280
1300.91	1300	83984
1413.96	1400	62264
1597.01	1500	0
1802.07	1600	0
1802.13	1700	0
1802.17	1800	0
1901.9	1900	28960
2024.94	2000	79640
2106.93	2100	43440
2200.03	2200	52128
2306.93	2300	60816
2403.3	2400	55024
2506.94	2500	63712
2608.95	2600	66608
2701.92	2700	66608
2801.95	2800	72400
2908.94	2900	69504
3000.93	3000	72400
3100.91	3100	83984
3200.97	3200	78192
3303.93	3300	86880
3401	3400	81088
3500.01	3500	83984
3602.14	3600	86880
3700.95	3700	83984
3801.95	3800	86880
3901.97	3900	83984
4001.95	4000	83984
4102.94	4100	86880
4202.04	4200	83984
4302.05	4300	83984
4409.06	4400	85432
4501.01	4500	78192
4600.96	4600	86880
4701.98	4700	83984
4800.97	4800	83984
4901.98	4900	86880
5024.98	5000	62264
5189.03	5100	0
5398.07	5200	0
5398.18	5300	0
5400.18	5400	0
5502.98	5500	15928
5602.02	5600	5792
5707.33	5700	94120
5800.01	5800	5792
5906.04	5900	57920
6004.99	6000	31856
6102.02	6100	31856
6201.04	6200	31856
6300.06	6300	31856
6407	6400	31856
6502.02	6500	31856
6602.03	6600	31856
6700.08	6700	34752
6805	6800	31856
6903.07	6900	31856
7003.02	7000	31856
7100.06	7100	14480
7202.01	7200	50680
7301.07	7300	30408
7410.06	7400	26064
7503.23	7500	26064
7602.05	7600	31856
7701.09	7700	31856
7807.02	7800	34752
7906.09	7900	31856
8002.03	8000	31856
8101.05	8100	34752
8207.08	8200	34752
8307.09	8300	31856
8402.06	8400	31856
8501.11	8500	14480
8821.15	8600	36200
8821.28	8700	8688
8821.3	8800	0
8904.13	8900	8688
9017.61	9000	20272
9116.11	9100	17376
9229.11	9200	21720
9305.08	9300	14480
9409.06	9400	20272
9503.06	9500	31856
9615.16	9600	24616
9704.09	9700	31856
9812.07	9800	40544
9905.08	9900	28960
10009.1	10000	55024
10103.1	10100	34752
10201.1	10200	55024
10301.1	10300	49232
10406.1	10400	55024
10501.1	10500	57920
10723.2	10600	4344
10724.2	10700	0
10800.1	10800	56472
10922.1	10900	28960
11001.1	11000	37648
11119.1	11100	34752
11201.1	11200	46336
11317.1	11300	37648
11400.5	11400	49232
11514.1	11500	49232
11601.1	11600	60816
11711.1	11700	49232
11800.1	11800	69504
11907.3	11900	55024
12001.1	12000	69504
12101.1	12100	66608
12382.2	12200	49232
12382.3	12300	0
12587.3	12400	0
12587.4	12500	0
12663.1	12600	5792
12700.1	12700	20272
12818.1	12800	52128
12903.1	12900	28960
13004.1	13000	40544
13104.2	13100	37648
13200.1	13200	34752
13300.2	13300	43440
13401.2	13400	49232
13512.1	13500	52128
13605.1	13600	46336
13700.2	13700	52128
13803.2	13800	55024
13901.2	13900	52128
14004.2	14000	55024
14100.2	14100	52128
14201.8	14200	55024
14300.2	14300	52128
14415.2	14400	62264
14500.4	14500	46336
14600.2	14600	52128
14701.2	14700	55024
14804.2	14800	55024
14901.2	14900	52128
15001.2	15000	55024
15101.2	15100	49232
15201.2	15200	0
15301.3	15300	104256
15405.2	15400	49232
15500.2	15500	43440
15603.2	15600	49232
15700	15700	49232
15955.4	15800	27512
15955.4	15900	0
16160.3	16000	0
16162.3	16100	0
16225.3	16200	7240
16432.4	16300	5792
16432.4	16400	0
16637.4	16500	0
16637.5	16600	0
16702.9	16700	34752
16836.2	16800	46336
16903.3	16900	13032
17014.3	17000	26064
17100.3	17100	18824
17211.2	17200	30408
17300.3	17300	26064
17410.2	17400	37648
17500.2	17500	31856
17607.2	17600	43440
17700.2	17700	40544
17803.2	17800	49232
17901.2	17900	49232
18021.2	18000	55024
18101.2	18100	52128
18216.2	18200	63712
18301.2	18300	60816
18412.3	18400	66608
18502.3	18500	69504
18612.3	18600	72400
18700.2	18700	69504
18802.3	18800	75296
18900.3	18900	63712
19009.3	19000	83984
19107.6	19100	81088
19200.2	19200	83984
19300.6	19300	86880
19567.3	19400	57920
19567.4	19500	0
19772.4	19600	0
19772.5	19700	0
19835.3	19800	5792
19903.7	19900	63712
20000.3	20000	62264
20109.3	20100	40544
20211.3	20200	60816
20303.3	20300	52128
20400.3	20400	60816
20501.4	20500	57920
20603.3	20600	60816
20701.3	20700	60816
20803.3	20800	69504
20900.3	20900	72400
21000.3	21000	66608
21101.3	21100	69504
21202.3	21200	81088
21309.3	21300	78192
21409.4	21400	75296
21505.3	21500	72400
21601.3	21600	72400
21701.4	21700	89776
21800.4	21800	86880
21900.3	21900	89776
22000.4	22000	101360
22100.4	22100	115840
22201.3	22200	110048
22302.3	22300	115840
22402.3	22400	118736
22501.3	22500	121632
22601.3	22600	121632
22701.3	22700	118736
22800.3	22800	121632
22901.3	22900	121632
23159.4	23000	60816
23168.4	23100	0
23367.5	23200	0
23367.5	23300	0
23432.6	23400	11584
23502.4	23500	88328
23601.3	23600	86880
23701.4	23700	57920
23801.3	23800	92672
23900.3	23900	66608
24001.5	24000	95568
24101.5	24100	75296
24200.3	24200	98464
24302.4	24300	89776
24429.4	24400	110048
24501.3	24500	53576
24605.4	24600	83984
24700.3	24700	104256
24802.4	24800	110048
24900.5	24900	112944
25001.5	25000	115840
25101.5	25100	115840
25202.4	25200	121632
25300.4	25300	118736
25401.4	25400	124528
25501.5	25500	118736
25601.5	25600	118736
25702.4	25700	124528
25800.5	25800	115840
25906.4	25900	95568
26002.5	26000	118736
26102.6	26100	95568
26209.5	26200	139008
26303.5	26300	112944
26400.5	26400	118736
26501.4	26500	124528
26755.6	26600	60816
26755.6	26700	0
26961.5	26800	0
26961.6	26900	0
27029.6	27000	14480
