0	0	1
136.925	100	15928
237.923	200	34752
305.001	300	11584
425.003	400	44888
500.016	500	130320
616.939	600	283808
700.006	700	363448
800.951	800	603816
900.913	900	590784
1000.12	1000	0
1102.94	1100	1051248
1200.02	1200	582096
1300	1300	33304
1400.06	1400	2896
1503.97	1500	1233696
1600.05	1600	380824
1701.1	1700	605264
1800.08	1800	593680
1900.07	1900	599472
2000	2000	605264
2100.12	2100	590784
2200.03	2200	608160
2300.08	2300	596576
2400.97	2400	613952
2500.07	2500	587888
2600	2600	596576
2700.05	2700	611056
2800.05	2800	593680
2900.01	2900	596576
3000.04	3000	613952
3100.96	3100	587888
3200.04	3200	611056
3300.12	3300	602368
3400.02	3400	587888
3500.04	3500	616848
3600.13	3600	593680
3700.04	3700	596576
3800.03	3800	605264
3900.96	3900	599472
4001.05	4000	613952
4100	4100	593680
4201.1	4200	599472
4300.02	4300	611056
4401.04	4400	590784
4501.08	4500	596576
4601.04	4600	608160
4701.12	4700	596576
4800.02	4800	605264
4900.01	4900	593680
5000.16	5000	593680
5100.02	5100	608160
5201.01	5200	608160
5300.02	5300	596576
5405.06	5400	577752
5513.1	5500	619744
5600.09	5600	576304
5701.07	5700	628432
5800.04	5800	602368
5901.1	5900	608160
6000.07	6000	590784
6100.07	6100	596576
6200.06	6200	608160
6301.07	6300	593680
6401.07	6400	613952
6500.14	6500	522728
6716.19	6600	0
6716.26	6700	0
6800.19	6800	0
6901.09	6900	259192
7000.05	7000	1010704
7100.2	7100	593680
7200.1	7200	602368
7300.16	7300	582096
7400.04	7400	564720
7500.06	7500	645808
7600.21	7600	602368
7700.84	7700	590784
7800.1	7800	534312
7900.06	7900	472048
8000.09	8000	331592
8100.13	8100	105704
8200.08	8200	695040
8306.15	8300	55024
8402.23	8400	218648
8500.06	8500	464808
8601.17	8600	382272
8700.08	8700	306976
8800.11	8800	327248
8904.15	8900	333040
9001.16	9000	367792
9100.13	9100	434400
9201.09	9200	437296
9300.14	9300	454672
9400.1	9400	448880
9501.06	9500	469152
9600.1	9600	451776
9702.11	9700	469152
9800.09	9800	466256
9901.16	9900	469152
10000.1	10000	477840
10101.1	10100	474944
10200.2	10200	440192
10300.2	10300	508248
10400.1	10400	451776
10500.2	10500	373584
10603.2	10600	390960
10700.1	10700	417024
10800.2	10800	370688
10905.1	10900	269328
11000.2	11000	34752
11100.2	11100	541552
11200.1	11200	315664
11303.2	11300	338832
11402.2	11400	292496
11501.1	11500	364896
11601.2	11600	364896
11702.1	11700	370688
11801.1	11800	382272
11900.2	11900	364896
12000.2	12000	390960
12100.2	12100	367792
12201.2	12200	402544
12301.1	12300	356208
12401.3	12400	431504
12500.2	12500	362000
12602.2	12600	311320
12701.2	12700	362000
12800.2	12800	341728
12900.3	12900	324352
13000.2	13000	379376
13100.2	13100	321456
13200.1	13200	251952
13300.2	13300	98464
13400.2	13400	392408
13501.2	13500	283808
13600.2	13600	301184
13700.1	13700	269328
13800.3	13800	321456
13901.3	13900	309872
14001.3	14000	321456
14101.2	14100	314216
14201.2	14200	312768
14307.3	14300	315664
14404.2	14400	309872
14500.3	14500	318560
14600.2	14600	330144
14700.2	14700	335936
14800.3	14800	333040
14903.2	14900	356208
15000.4	15000	318560
15106.2	15100	341728
15200.3	15200	298288
15301.4	15300	266432
15401.2	15400	306976
15510.6	15500	322904
15600.2	15600	202720
15705.2	15700	221544
15802.2	15800	241816
15900.3	15900	344624
16000.2	16000	338832
16103.2	16100	315664
16203.3	16200	275120
16304.2	16300	330144
16400.3	16400	330144
16501.3	16500	289600
16600.3	16600	309872
16701.3	16700	330144
16813.3	16800	359104
16900.3	16900	295392
17004.3	17000	373584
17102.3	17100	286704
17201.2	17200	272224
17301.3	17300	356208
17400.3	17400	341728
17500.3	17500	254848
17601.2	17600	324352
17700.3	17700	344624
17801.3	17800	367792
17900.3	17900	350416
18000.3	18000	362000
18100.3	18100	356208
18200.3	18200	373584
18304.3	18300	292496
18405.3	18400	306976
18500.2	18500	359104
18601.3	18600	379376
18700.4	18700	315664
18802.3	18800	295392
18903.4	18900	321456
19000.4	19000	330144
19100.4	19100	333040
19203.3	19200	309872
19300.3	19300	338832
19401.3	19400	373584
19503.3	19500	234576
19600.3	19600	335936
19700.3	19700	376480
19800.3	19800	385168
19900.3	19900	356208
20000.3	20000	364896
20100.3	20100	347520
20200.3	20200	364896
20300.5	20300	362000
20400.3	20400	356208
20500.3	20500	356208
20615.4	20600	389512
20701.3	20700	230232
20801.4	20800	227336
20900.4	20900	101360
21000.3	21000	385168
21100.4	21100	269328
21200.3	21200	237472
21303.3	21300	188240
21401.4	21400	202720
21500.3	21500	249056
21600.3	21600	272224
21700.3	21700	263536
21800.4	21800	272224
21900.3	21900	243264
22000.3	22000	324352
22100.4	22100	347520
22212.4	22200	350416
22302.3	22300	292496
22401.4	22400	356208
22503.4	22500	350416
22600.4	22600	373584
22700.4	22700	362000
22802.4	22800	393856
22900.3	22900	344624
23000.4	23000	408336
23100.5	23100	364896
23200.3	23200	422816
23300.3	23300	364896
23402.4	23400	422816
23501.4	23500	382272
23603.4	23600	396752
23700.5	23700	327248
23800.4	23800	438744
23900.4	23900	367792
24000.4	24000	385168
24100.4	24100	337384
24201.4	24200	379376
24301.4	24300	390960
24400.4	24400	388064
24500.4	24500	376480
24600.4	24600	382272
24700.4	24700	367792
24800.5	24800	379376
24900.5	24900	353312
25000.4	25000	359104
25100.5	25100	362000
25200.5	25200	359104
25301.4	25300	359104
25401.5	25400	367792
25500.4	25500	370688
25600.5	25600	364896
25710.5	25700	376480
25800.5	25800	362000
25935.5	25900	356208
26024.5	26000	256296
26126.5	26100	266432
26200.5	26200	194032
26317.6	26300	390960
26400.4	26400	370688
26517.5	26500	422816
26600.5	26600	373584
26709.5	26700	417024
26801.6	26800	414128
26900.5	26900	376480
27001.4	27000	422816
27105.5	27100	390960
27200.5	27200	419920
27301.5	27300	393856
27400.5	27400	437296
27500.4	27500	385168
27601.5	27600	454672
27700.5	27700	388064
27800.5	27800	431504
27900.5	27900	399648
28002.4	28000	417024
28101.5	28100	396752
28200.4	28200	428608
28301.6	28300	362000
28400.6	28400	347520
28501.5	28500	385168
28603.5	28600	419920
28700.6	28700	408336
28800.5	28800	414128
28900.6	28900	422816
29000.5	29000	385168
29101.5	29100	460464
29200.5	29200	364896
29300.6	29300	425712
29405.5	29400	448880
29500.5	29500	440192
29600.5	29600	431504
29700.5	29700	480736
29800.5	29800	428608
29900.6	29900	443088
30000.5	30000	486528
30101.5	30100	405440
30201.7	30200	463360
30300.6	30300	376480
30400.5	30400	427160
30500.5	30500	419920
30600.5	30600	379376
30700.5	30700	411232
30820.6	30800	408336
30905.7	30900	196928
31000.5	31000	0
31100.6	31100	207064
31200.5	31200	0
31301.6	31300	244712
31400.5	31400	557480
31500.6	31500	234576
31613.6	31600	257744
31706.6	31700	231680
31800.5	31800	272224
31900.7	31900	240368
32004.5	32000	251952
32101.5	32100	222992
32200.6	32200	246160
32304.6	32300	272224
32400.6	32400	272224
32500.6	32500	286704
32600.5	32600	289600
32701.6	32700	263536
32800.5	32800	309872
32904.6	32900	257744
33000.6	33000	292496
33100.6	33100	254848
33200.7	33200	254848
33301.5	33300	324352
33402.6	33400	249056
33500.6	33500	312768
33600.6	33600	275120
33702.6	33700	237472
33800.6	33800	182448
33900.6	33900	263536
34000.6	34000	266432
34108.6	34100	194032
34201.6	34200	225888
34300.6	34300	275120
34401.8	34400	286704
34501.7	34500	306976
34600.6	34600	292496
34700.6	34700	306976
34801.6	34800	275120
34900.7	34900	240368
35000.5	35000	251952
35101.6	35100	266432
35200.6	35200	275120
35301.6	35300	266432
35400.6	35400	286704
35500.6	35500	304080
35601.6	35600	269328
35700.6	35700	324352
35800.6	35800	315664
35900.6	35900	330144
36000.6	36000	321456
36100.6	36100	292496
36200.6	36200	324352
36301.7	36300	315664
36405.6	36400	325800
36505.6	36500	240368
36624.6	36600	298288
36722.7	36700	218648
36801.6	36800	172312
36901.7	36900	254848
37000.6	37000	176656
37100.7	37100	57920
37201.6	37200	392408
37301.6	37300	246160
37400.7	37400	228784
37500.6	37500	208512
37601.6	37600	208512
37700.6	37700	202720
37800.7	37800	228784
37901.6	37900	251952
38000.7	38000	263536
38101.6	38100	260640
38201.6	38200	272224
38300.6	38300	266432
38400.7	38400	272224
38501.7	38500	269328
38600.7	38600	266432
38701.6	38700	272224
38800.7	38800	269328
38900.7	38900	260640
39000.6	39000	269328
39100.9	39100	269328
39200.7	39200	269328
39300.7	39300	263536
39400.7	39400	269328
39501.8	39500	185344
39600.6	39600	176656
39701.7	39700	185344
39801.6	39800	182448
39901.8	39900	124528
40000.7	40000	250504
40102	40100	214304
40200.8	40200	225888
40300.7	40300	240368
40401.7	40400	240368
40500.7	40500	231680
40600.7	40600	254848
40700.7	40700	222992
40801.7	40800	283808
40901.8	40900	222992
41000	41000	263536
41100.6	41100	231680
41200.7	41200	243264
41300.7	41300	263536
41410.8	41400	276568
41505.8	41500	179552
41605.8	41600	185344
41704.8	41700	181000
41800.7	41800	194032
41900.8	41900	246160
42000.8	42000	263536
42100.7	42100	269328
42200.7	42200	246160
42300.7	42300	275120
42400.8	42400	263536
42500.8	42500	266432
42600.9	42600	246160
42701.7	42700	254848
42801.7	42800	269328
42900.8	42900	251952
43000.7	43000	269328
43100.8	43100	266432
43201.9	43200	269328
43300.8	43300	266432
43400.7	43400	246160
43501.8	43500	208512
43600.7	43600	208512
43703.8	43700	205616
43800.8	43800	202720
43902.8	43900	211408
44000.7	44000	205616
44100.8	44100	228784
44200.1	44200	266432
44300.7	44300	275120
44400.7	44400	269328
44500.8	44500	266432
44600.8	44600	269328
44700.7	44700	269328
44803.8	44800	275120
44906.8	44900	263536
45000	45000	208512
45101.8	45100	240368
45200.8	45200	272224
45303.8	45300	243264
45400.8	45400	196928
45500.8	45500	251952
45600.8	45600	272224
45700.7	45700	269328
45800.7	45800	269328
45902.8	45900	269328
46000.8	46000	202720
46100.8	46100	202720
46200.2	46200	188240
46301.9	46300	20272
46407.9	46400	198376
46513.1	46500	0
46719	46600	0
46719.1	46700	0
46926	46800	0
46926.1	46900	0
47330.9	47000	0
47331.2	47100	0
47331.2	47200	0
47331.3	47300	0
47401.9	47400	134664
47523.9	47500	205616
47600.9	47600	46336
47701.9	47700	238920
47801.9	47800	167968
47900.8	47900	162176
48000.9	48000	179552
48100.8	48100	167968
48200.9	48200	182448
48301.9	48300	173760
48401.9	48400	185344
48500.9	48500	165072
48600.8	48600	182448
48700.9	48700	188240
48800.9	48800	185344
48900.9	48900	185344
49006	49000	188240
49100	49100	196928
49201.9	49200	176656
49300.9	49300	196928
49400.9	49400	191136
49501.9	49500	194032
49608.9	49600	199824
49701.9	49700	176656
49800.9	49800	205616
49901.9	49900	202720
50002.9	50000	208512
50100.8	50100	199824
50200.9	50200	220096
50300	50300	196928
50406	50400	220096
50500	50500	188240
50601.8	50600	228784
50700	50700	202720
50806	50800	228784
50900	50900	211408
51001.9	51000	217200
51101	51100	208512
51201	51200	220096
51301.9	51300	214304
51400.9	51400	228784
51530	51500	251952
51625	51600	152040
51700.9	51700	137560
51801	51800	243264
51900.9	51900	225888
52000	52000	231680
52101.9	52100	217200
52201	52200	228784
52302	52300	228784
52402	52400	205616
52501	52500	202720
52601.9	52600	211408
52701.9	52700	202720
52801	52800	208512
52900.9	52900	205616
53000	53000	199824
53102.9	53100	214304
53200.9	53200	205616
53300	53300	199824
53400.9	53400	211408
53500	53500	202720
53601	53600	211408
53700	53700	225888
53801	53800	266432
53900.9	53900	269328
54001	54000	260640
54101	54100	260640
54200.9	54200	272224
54300.1	54300	260640
54400	54400	220096
54500	54500	202720
54600.1	54600	202720
54701	54700	211408
54801	54800	205616
54900	54900	196928
55001	55000	211408
55100	55100	205616
55200	55200	211408
55300	55300	202720
55400	55400	205616
55500	55500	208512
55602	55600	182448
55700	55700	156384
55801.1	55800	0
55900.9	55900	338832
56001	56000	167968
56101	56100	165072
56200	56200	162176
56301	56300	170864
56401	56400	165072
56500	56500	165072
56613.1	56600	179552
56705.1	56700	153488
56800	56800	166520
56901	56900	202720
57000	57000	205616
57100	57100	208512
57202.1	57200	205616
57301	57300	202720
57400	57400	208512
57501.1	57500	205616
57601	57600	211408
57701.1	57700	202720
57800	57800	205616
57901	57900	208512
58000.1	58000	208512
58102	58100	205616
58200	58200	202720
58300.1	58300	199824
58401	58400	205616
58500	58500	199824
58600.1	58600	205616
58700	58700	208512
58800.1	58800	205616
58900	58900	205616
59001.1	59000	208512
59100	59100	205616
59200.7	59200	208512
59301.1	59300	205616
59401	59400	202720
59500.1	59500	208512
59600	59600	205616
59700.1	59700	205616
59801.1	59800	179552
59900	59900	73848
60001.2	60000	140456
60101.2	60100	280912
60204.1	60200	141904
60300.1	60300	46336
60558.2	60400	0
60558.3	60500	0
60642.2	60600	118736
60702.1	60700	95568
60802.1	60800	10136
60901	60900	137560
61001.1	61000	78192
61130.1	61100	76744
61300.2	61200	0
61515.1	61300	0
61515.2	61400	0
61515.2	61500	0
61630.2	61600	121632
61735.1	61700	53576
61800.3	61800	27512
61900.1	61900	89776
62000	62000	89776
62100	62100	92672
62203.1	62200	86880
62301.1	62300	101360
62401.1	62400	86880
62501.1	62500	92672
62602.1	62600	92672
62700.1	62700	83984
62803.1	62800	110048
62900.1	62900	92672
63011.1	63000	110048
63100.1	63100	98464
63205.1	63200	107152
63300.1	63300	112944
63400.1	63400	101360
63500.1	63500	121632
63601.1	63600	110048
63701.1	63700	121632
63801.1	63800	112944
63901.1	63900	124528
64000.1	64000	118736
64103.3	64100	127424
64201.1	64200	121632
64301.1	64300	115840
64400.1	64400	115840
64501.2	64500	115840
65012.2	64600	23168
68401.4	64700	0
68401.6	64800	0
68401.6	64900	0
68401.6	65000	0
68669.4	65100	0
68669.6	65200	0
68669.6	65300	0
68669.6	65400	0
68670.3	65500	0
68670.4	65600	0
68670.4	65700	0
68670.4	65800	0
68671.3	65900	0
68734.4	66000	0
68734.4	66100	0
68734.5	66200	0
68736.3	66300	0
68736.3	66400	0
68738.2	66500	0
68738.3	66600	0
68738.3	66700	0
68740.2	66800	0
68740.3	66900	0
68742.3	67000	0
68742.4	67100	82536
68744.3	67200	1448
68744.4	67300	1448
68744.4	67400	21720
68746.3	67500	1448
68746.3	67600	1448
68748.3	67700	1448
68748.4	67800	1448
68750.4	67900	1448
68750.4	68000	1448
68750.5	68100	1448
68752.3	68200	1448
68752.3	68300	1448
68754.3	68400	1448
68754.4	68500	1448
68755.2	68600	1448
68757.3	68700	2896
68800.2	68800	23168
68900.3	68900	115840
69001.3	69000	81088
69100.2	69100	118736
69201.2	69200	92672
69313.2	69300	118736
69401.2	69400	98464
69500.2	69500	112944
69600.2	69600	110048
69700.1	69700	112944
69915.3	69800	11584
69919.3	69900	0
70346.4	70000	0
70346.5	70100	0
70346.5	70200	0
70346.5	70300	0
70614.3	70400	0
70614.5	70500	0
70614.5	70600	0
70898.3	70700	88328
70899.3	70800	0
70900.4	70900	0
71164.4	71000	0
71164.4	71100	0
71370.3	71200	0
71372.2	71300	0
71437.3	71400	62264
71674.3	71500	52128
71674.4	71600	0
71738.3	71700	0
71947.3	71800	1448
71947.4	71900	0
72218.3	72000	26064
72218.4	72100	0
72218.5	72200	0
72421.4	72300	14480
72421.5	72400	0
72826.4	72500	4344
72828.2	72600	5792
73095.4	72700	0
73161.3	72800	1448
73162.3	72900	1448
73164.3	73000	1448
73165.3	73100	1448
73428.4	73200	0
73428.5	73300	0
73429.3	73400	0
73559.3	73500	15928
73624.4	73600	8688
73897.4	73700	10136
73897.4	73800	0
74101.4	73900	0
74101.5	74000	1448
74101.5	74100	7240
