0	0	1
131.945	100	15928
236.019	200	34752
300.017	300	11584
401.997	400	85432
501.935	500	130320
601.93	600	166520
701.067	700	69504
816.075	800	27512
1147.99	900	1448
1213.08	1000	1448
1213.19	1100	4344
1277.98	1200	2896
1343.11	1300	27512
1406.15	1400	230232
1502.04	1500	104256
1600	1600	73848
1700.99	1700	196928
1800.11	1800	69504
1900.04	1900	183896
2000	2000	104256
2100.99	2100	104256
2203.06	2200	110048
2303.98	2300	115840
2401.04	2400	112944
2500.97	2500	118736
2600.02	2600	115840
2700.89	2700	127424
2802.04	2800	130320
2900.04	2900	130320
3008.05	3000	141904
3100.96	3100	136112
3201.05	3200	141904
3305.08	3300	141904
3400.04	3400	159280
3502.17	3500	144800
3602	3600	167968
3703.07	3700	156384
3802.98	3800	159280
3900.19	3900	159280
4004.96	4000	173760
4100.06	4100	167968
4202.98	4200	179552
4301	4300	176656
4401.99	4400	170864
4501.1	4500	159280
4601.03	4600	167968
4701.07	4700	163624
4800.08	4800	141904
4903.76	4900	124528
5000.09	5000	118736
5101.1	5100	118736
5221.08	5200	99912
5388.23	5300	0
5597.15	5400	0
5599.2	5500	0
5600.19	5600	0
5701.03	5700	94120
5906.15	5800	0
5906.25	5900	0
6113.3	6000	1448
6113.41	6100	1448
6317.17	6200	28960
6317.28	6300	0
6792.3	6400	33304
6792.41	6500	0
6792.44	6600	0
6793.17	6700	0
6858.11	6800	98464
6924.1	6900	70952
7002.12	7000	49232
7116.17	7100	56472
7201.12	7200	60816
7309.14	7300	57920
7400.12	7400	75296
7502.16	7500	57920
7601.13	7600	92672
7703.64	7700	63712
7823.04	7800	92672
7901.05	7900	69504
8016.11	8000	98464
8102.12	8100	83984
8208.12	8200	95568
8301.17	8300	98464
8400.14	8400	92672
8501.16	8500	112944
8600.08	8600	98464
8700.06	8700	118736
8801.18	8800	92672
8901.08	8900	118736
9003.18	9000	115840
9101.18	9100	118736
9202.15	9200	121632
9300.16	9300	127424
9403.08	9400	127424
9500.17	9500	141904
9601.2	9600	136112
9700.1	9700	144800
9800.17	9800	144800
9900.17	9900	156384
10002.2	10000	150592
10100.2	10100	162176
10201.1	10200	153488
10301.1	10300	170864
10400.1	10400	159280
10500.3	10500	176656
10602.2	10600	172312
10700.2	10700	182448
10800.2	10800	182448
10901.1	10900	185344
11002.2	11000	185344
11100.2	11100	191136
11200.1	11200	194032
11302.2	11300	205616
11400.2	11400	202720
11500.2	11500	185344
11600.2	11600	228784
11710.2	11700	202720
11801.1	11800	178104
11901.2	11900	153488
12002.2	12000	185344
12100.3	12100	173760
12221.2	12200	176656
12324.2	12300	149144
12416.2	12400	153488
12517.2	12500	153488
12600.2	12600	211408
12707.2	12700	247608
12801.2	12800	238920
12901.2	12900	240368
13002.2	13000	263536
13101.2	13100	240368
13202.2	13200	278016
13301.3	13300	243264
13400.2	13400	254848
13506.2	13500	266432
13606.3	13600	222992
13700.2	13700	260640
13801.2	13800	266432
13900.2	13900	263536
14000.2	14000	275120
14101.3	14100	269328
14202.2	14200	222992
14300.3	14300	205616
14402.3	14400	208512
14500.3	14500	205616
14600.3	14600	205616
14700.2	14700	202720
14801.3	14800	208512
14901.2	14900	202720
15000.3	15000	205616
15101.3	15100	205616
15201.2	15200	205616
15300.3	15300	208512
15400.3	15400	205616
15505.3	15500	205616
15601.2	15600	283808
15700.2	15700	263536
15800.2	15800	272224
15907.3	15900	246160
16003.3	16000	182448
16100.3	16100	28960
16203.4	16200	208512
16302.3	16300	236024
16401.3	16400	150592
16503.3	16500	159280
16600.3	16600	144800
16701.3	16700	199824
16800.3	16800	167968
16900.3	16900	199824
17000.3	17000	185344
17103.2	17100	188240
17202.3	17200	211408
17300.3	17300	182448
17401.3	17400	220096
17501.3	17500	194032
17613.3	17600	246160
17721.4	17700	140456
17816.4	17800	141904
17912.3	17900	143352
18007.4	18000	144800
18107.3	18100	146248
18201.3	18200	149144
18300.3	18300	212856
18417.3	18400	251952
18501.3	18500	217200
18609.3	18600	240368
18701.5	18700	254848
18800.3	18800	217200
18900.3	18900	278016
19007.3	19000	217200
19101.4	19100	199824
19201.3	19200	217200
19302.4	19300	228784
19400.3	19400	220096
19502.3	19500	240368
19600.3	19600	237472
19703.3	19700	228784
19802.3	19800	211408
19901.3	19900	304080
20001.4	20000	257744
20100.3	20100	312768
20203.4	20200	272224
20300.4	20300	306976
20401.4	20400	286704
20500.3	20500	306976
20600.3	20600	298288
20703.3	20700	298288
20801.4	20800	312768
20901.3	20900	306976
21001.4	21000	312768
21100.4	21100	304080
21201.4	21200	292496
21300.4	21300	234576
21402.4	21400	275120
21501.5	21500	269328
21600.4	21600	263536
21700.4	21700	275120
21800.4	21800	266432
21900.4	21900	266432
22000.3	22000	272224
22101.5	22100	269328
22200.4	22200	269328
22301.5	22300	309872
22400.4	22400	321456
22502.5	22500	359104
22600.4	22600	359104
22700.3	22700	359104
22800.4	22800	376480
22900.6	22900	286704
23000.4	23000	318560
23100.4	23100	366344
23221.4	23200	443088
23323.4	23300	249056
23416.4	23400	253400
23517.3	23500	253400
23612.4	23600	254848
23700.3	23700	296840
23805.5	23800	366344
23901.4	23900	348968
24000.4	24000	312768
24100.5	24100	385168
24200.4	24200	373584
24301.5	24300	373584
24401.6	24400	304080
24500.4	24500	280912
24600.4	24600	388064
24700.5	24700	385168
24800.6	24800	373584
24901.5	24900	364896
25000.4	25000	353312
25100.5	25100	318560
25200.5	25200	315664
25300.4	25300	266432
25400.5	25400	272224
25500.4	25500	269328
25600.4	25600	266432
25701.4	25700	275120
25800.5	25800	269328
25900.5	25900	260640
26000.6	26000	257744
26101.6	26100	123080
26202.4	26200	466256
26301.5	26300	243264
26401.5	26400	234576
26500.5	26500	240368
26600.5	26600	249056
26700.5	26700	237472
26800.4	26800	266432
26903.5	26900	234576
27000.5	27000	275120
27100.5	27100	237472
27201.5	27200	292496
27300.4	27300	243264
27402.5	27400	292496
27502.6	27500	257744
27604.5	27600	283808
27700.5	27700	275120
27800.5	27800	283808
27900.5	27900	289600
28000.5	28000	283808
28101.6	28100	298288
28201.4	28200	295392
28310.5	28300	259192
28411.5	28400	191136
28525.6	28500	199824
28622.5	28600	241816
28727.5	28700	202720
28820.5	28800	186792
28905.7	28900	167968
29003.5	29000	280912
29108	29100	283808
29200.6	29200	260640
29301.6	29300	280912
29400.5	29400	263536
29500.5	29500	254848
29600.6	29600	269328
29701.5	29700	269328
29801.6	29800	356208
29901.7	29900	333040
30001.6	30000	350416
30100.5	30100	335936
30200.5	30200	353312
30301.6	30300	362000
30400.6	30400	356208
30500.5	30500	347520
30600.6	30600	362000
30700.6	30700	353312
30801.5	30800	359104
30900.6	30900	373584
31000.5	31000	364896
31100.5	31100	376480
31200.5	31200	373584
31300.5	31300	385168
31401.6	31400	379376
31500.5	31500	272224
31609.6	31600	266432
31707.6	31700	251952
31800.7	31800	251952
31900.6	31900	295392
32004.6	32000	333040
32102.6	32100	367792
32205.6	32200	350416
32303.6	32300	306976
32401.6	32400	301184
32500.5	32500	295392
32600.6	32600	286704
32700.6	32700	382272
32800.5	32800	388064
32901.6	32900	390960
33000.6	33000	382272
33102.7	33100	388064
33200.7	33200	388064
33326.6	33300	461912
33415.6	33400	270776
33516.7	33500	292496
33609.6	33600	293944
33706.7	33700	269328
33800.6	33800	267880
33901.7	33900	121632
34002.6	34000	225888
34101.6	34100	301184
34201.6	34200	231680
34300.6	34300	249056
34401.7	34400	231680
34502.6	34500	260640
34602.7	34600	240368
34701.6	34700	263536
34800.5	34800	246160
34900.7	34900	251952
35001.6	35000	231680
35100.6	35100	240368
35202.7	35200	228784
35302.6	35300	220096
35401.6	35400	257744
35500.7	35500	286704
35601.7	35600	272224
35703.7	35700	286704
35805.7	35800	283808
35901.7	35900	292496
36000.6	36000	278016
36101.6	36100	312768
36202.7	36200	286704
36300.6	36300	315664
36400.7	36400	289600
36502.6	36500	263536
36600.7	36600	318560
36701.6	36700	304080
36802.6	36800	251952
36902.7	36900	237472
37000.7	37000	266432
37100.7	37100	260640
37201.6	37200	257744
37300.6	37300	205616
37402.7	37400	208512
37501.7	37500	202720
37600.6	37600	231680
37706.8	37700	254848
37801.6	37800	312768
37900.8	37900	347520
38001.7	38000	350416
38101.7	38100	321456
38201.6	38200	335936
38322.7	38300	430056
38417.7	38400	237472
38514.8	38500	238920
38613.7	38600	240368
38707.6	38700	241816
38810.7	38800	282360
38900.7	38900	388064
39004.7	39000	344624
39100.7	39100	393856
39200.7	39200	366344
39304.7	39300	390960
39400.8	39400	376480
39505.7	39500	393856
39605.8	39600	382272
39702.8	39700	306976
39800.7	39800	362000
39900.7	39900	376480
40000.8	40000	364896
40105.7	40100	370688
40200.8	40200	364896
40307.7	40300	388064
40400.8	40400	350416
40500.8	40500	333040
40601.7	40600	315664
40702.7	40700	379376
40800.7	40800	388064
40900.7	40900	466256
41000.7	41000	419920
41100.8	41100	414128
41200.7	41200	417024
41301.7	41300	460464
41400.8	41400	359104
41500.8	41500	431504
41605.7	41600	396752
41703.8	41700	472048
41801.7	41800	431504
41901.7	41900	448880
42005.7	42000	466256
42100.8	42100	437296
42200.7	42200	460464
42307.8	42300	501008
42400.8	42400	431504
42500.8	42500	518384
42600.5	42600	454672
42700	42700	477840
42802.7	42800	518384
42900.8	42900	445984
43001.7	43000	541552
43100.8	43100	480736
43201.8	43200	538656
43300.7	43300	448880
43426.8	43400	566168
43526.8	43500	338832
43622.8	43600	305528
43700.9	43700	214304
43801.8	43800	260640
43900.9	43900	2896
44000.7	44000	493768
44101.9	44100	237472
44200.9	44200	225888
44300.8	44300	260640
44400.9	44400	289600
44500	44500	234576
44600.9	44600	304080
44700	44700	280912
44808.9	44800	306976
44900	44900	275120
45001.9	45000	257744
45100.9	45100	272224
45201.8	45200	301184
45301.8	45300	309872
45400.8	45400	286704
45500.8	45500	214304
45600.8	45600	275120
45700.8	45700	272224
45803.8	45800	228784
45900.8	45900	272224
46001.8	46000	315664
46102.8	46100	324352
46201.8	46200	257744
46305.9	46300	295392
46409.9	46400	289600
46520.8	46500	254848
46600	46600	288152
46712.9	46700	382272
46800.9	46800	306976
46904.8	46900	376480
47000	47000	333040
47100.8	47100	376480
47200.9	47200	370688
47300	47300	344624
47401.9	47400	385168
47500	47500	370688
47600.8	47600	382272
47703.9	47700	350416
47800.9	47800	359104
47904.8	47900	333040
48000.8	48000	353312
48103.8	48100	353312
48200.8	48200	254848
48300.9	48300	173760
48405.9	48400	292496
48501.8	48500	194032
48607.8	48600	196928
48702	48700	199824
48827.9	48800	243264
48938	48900	134664
49133	49000	0
49134.9	49100	0
49203	49200	143352
49324.9	49300	134664
49404.9	49400	83984
49518	49500	136112
49600.9	49600	101360
49711	49700	130320
49802	49800	95568
49900.9	49900	139008
50000	50000	101360
50102.9	50100	127424
50200.9	50200	141904
50300.9	50300	124528
50404.9	50400	153488
50504.8	50500	133216
50600	50600	153488
50708.9	50700	144800
50804.9	50800	170864
50903.9	50900	139008
51007	51000	179552
51107	51100	153488
51200	51200	188240
51302	51300	150592
51408.9	51400	205616
51502	51500	162176
51607.9	51600	194032
51700	51700	191136
51800	51800	176656
51903	51900	217200
52003	52000	176656
52102.9	52100	225888
52203.1	52200	182448
52317.9	52300	240368
52401.1	52400	188240
52509.1	52500	225888
52601	52600	194032
52700	52700	191136
52800	52800	234576
52900	52900	182448
53000	53000	217200
53101	53100	237472
53207.1	53200	234576
53300	53300	231680
53400.1	53400	237472
53501	53500	237472
53600.1	53600	228784
53710	53700	272224
53804	53800	231680
53903	53900	169416
54001.2	54000	189688
54100	54100	228784
54222	54200	309872
54300	54300	243264
54417	54400	289600
54501	54500	283808
54611	54600	260640
54700.9	54700	315664
54803.1	54800	243264
54900	54900	286704
55004.1	55000	283808
55104	55100	249056
55201.1	55200	257744
55307	55300	301184
55400	55400	272224
55501.1	55500	260640
55606.1	55600	327248
55701	55700	269328
55800	55800	335936
55901	55900	289600
56001	56000	382272
56101	56100	295392
56200.1	56200	367792
56300.1	56300	301184
56400	56400	362000
56500	56500	309872
56607	56600	379376
56700	56700	344624
56808.1	56800	344624
56900	56900	330144
57004	57000	327248
57106	57100	330144
57201.1	57200	312768
57300	57300	385168
57404	57400	344624
57500.1	57500	356208
57600.1	57600	364896
57700.1	57700	396752
57801.1	57800	364896
57903.2	57900	405440
58002.2	58000	330144
58107	58100	254848
58201.1	58200	367792
58301	58300	359104
58401	58400	324352
58507.1	58500	347520
58600.1	58600	370688
58706.1	58700	362000
58826.1	58800	357656
58924.1	58900	273672
59017.1	59000	282360
59116.2	59100	276568
59203	59200	214304
59301.1	59300	351864
59401.1	59400	373584
59502.1	59500	463360
59600.1	59600	417024
59703.1	59700	445984
59800.1	59800	445984
59900.1	59900	437296
60000.1	60000	469152
60100.1	60100	443088
60200.2	60200	474944
60300.1	60300	454672
60400.1	60400	474944
60500.2	60500	463360
60600.2	60600	469152
60700.2	60700	483632
60801	60800	486528
60900.2	60900	480736
61000.2	61000	486528
61100.2	61100	480736
61200.2	61200	501008
61300.2	61300	495216
61400.1	61400	498112
61500.1	61500	512592
61600.2	61600	506800
61700.2	61700	506800
61801.2	61800	460464
61900.1	61900	515488
62000.1	62000	503904
62100.1	62100	483632
62200.1	62200	535760
62300.2	62300	524176
62400.1	62400	515488
62500.2	62500	518384
62600.1	62600	495216
62700.2	62700	515488
62800.1	62800	527072
62900.1	62900	538656
63000.2	63000	550240
63100.2	63100	550240
63201.2	63200	573408
63300.2	63300	547344
63400.1	63400	561824
63501.2	63500	567616
63600.2	63600	579200
63700.2	63700	567616
63800.2	63800	556032
63908.2	63900	427160
64007.2	64000	406888
64252.3	64100	198376
64252.4	64200	0
64300.3	64300	0
64412.2	64400	590784
64500.2	64500	270776
64604.2	64600	289600
64700.1	64700	325800
64801.1	64800	279464
64900.2	64900	354760
65001.2	65000	282360
65100.2	65100	351864
65200.2	65200	282360
65311.2	65300	362000
65400.1	65400	304080
65504.2	65500	337384
65600.2	65600	343176
65700.3	65700	327248
65800.2	65800	379376
65901.1	65900	306976
66000.2	66000	392408
66100.2	66100	315664
66209.2	66200	396752
66302.3	66300	325800
66400.2	66400	375032
66501.3	66500	363448
66600.2	66600	370688
66700.2	66700	395304
66801.3	66800	360552
66900.2	66900	402544
67001.2	67000	364896
67100.3	67100	405440
67203.2	67200	372136
67301.2	67300	418472
67400.2	67400	369240
67503.2	67500	428608
67600.2	67600	386616
67701.2	67700	421368
67801.2	67800	396752
67904.3	67900	427160
68000.2	68000	415576
68100.3	68100	414128
68204.2	68200	363448
68301.2	68300	311320
68401.2	68400	373584
68500.2	68500	380824
68600.2	68600	385168
68703.3	68700	459016
68815.3	68800	338832
68943.3	68900	393856
69008.3	69000	231680
69139.3	69100	359104
69242.3	69200	293944
69307.3	69300	140456
69400.3	69400	432952
69500.2	69500	417024
69609.6	69600	499560
69700.3	69700	425712
69804.3	69800	485080
70061.3	69900	28960
70061.4	70000	0
70124.9	70100	1448
70200.3	70200	173760
70300.3	70300	0
70400.3	70400	392408
70501.4	70500	136112
70600.3	70600	11584
70700.2	70700	224440
70803.4	70800	121632
71048.4	70900	37648
71048.5	71000	0
71255.5	71100	0
71256.4	71200	0
71322.4	71300	7240
71537.4	71400	21720
71537.5	71500	0
71741.3	71600	0
71741.4	71700	0
71946.3	71800	46336
71946.5	71900	0
72011.4	72000	5792
72429.4	72100	36200
72429.5	72200	0
72429.5	72300	0
72429.5	72400	18824
72704.4	72500	2896
72704.5	72600	0
72909.5	72700	0
72909.6	72800	0
72909.7	72900	0
73041.4	73000	52128
73106.4	73100	14480
73238.3	73200	24616
73304.4	73300	14480
73435.4	73400	31856
73502.4	73500	18824
73622.4	73600	34752
73705.3	73700	30408
73818.4	73800	37648
73912.3	73900	44888
74016.4	74000	28960
74108.3	74100	31856
74212.4	74200	36200
74432.4	74300	17376
74433.4	74400	0
74509.4	74500	1448
74780.4	74600	47784
74780.4	74700	0
74984.4	74800	0
74984.5	74900	0
