0	0	1
138.938	100	15928
202.901	200	28960
301.855	300	78192
401.877	400	118736
500.895	500	240368
720.956	600	40544
721.872	700	0
800.937	800	0
900.003	900	432952
1009	1000	166520
1106.01	1100	460464
1204.91	1200	369240
1300.87	1300	334488
1405.9	1400	341728
1500.87	1500	375032
1722.94	1600	43440
1723.88	1700	0
1800.9	1800	0
2054.13	1900	457568
2054.2	2000	0
2259.99	2100	0
2261.91	2200	0
2300.01	2300	0
2404.96	2400	440192
2501.51	2500	220096
2728	2600	50680
2729.93	2700	0
2800.96	2800	186792
2900.97	2900	247608
3002.95	3000	254848
3100.11	3100	246160
3208.09	3200	209960
3373.99	3300	0
3400.12	3400	0
3500.96	3500	375032
3600.06	3600	292496
3706.01	3700	309872
3806.08	3800	272224
3901.04	3900	347520
4003.01	4000	315664
4100.98	4100	377928
4200.04	4200	328696
4304.97	4300	379376
4403.01	4400	346072
4507.06	4500	359104
4600.01	4600	357656
4700.99	4700	354760
4802.97	4800	335936
4901.98	4900	335936
5201.08	5000	309872
5202.97	5100	0
5205.98	5200	0
5304.03	5300	398200
5400.97	5400	331592
5500.02	5500	362000
5600.04	5600	347520
5700.02	5700	347520
5800.99	5800	346072
5900.95	5900	360552
6126.04	6000	31856
6128.02	6100	0
6200.05	6200	0
6311.06	6300	648704
6578.1	6400	207064
6580.01	6500	0
6600.03	6600	0
6700.02	6700	450328
6800.06	6800	317112
6900.97	6900	357656
7000.06	7000	333040
7101.03	7100	372136
7207.07	7200	204168
7378.49	7300	0
7400.66	7400	0
7502.09	7500	421368
7600.14	7600	318560
7848.27	7700	146248
7848.33	7800	0
8056.09	7900	0
8059.08	8000	0
8100.13	8100	0
8200.32	8200	467704
8322.04	8300	266432
8492.07	8400	0
8501	8500	0
8600.08	8600	362000
8700.11	8700	304080
8806.14	8800	331592
8901.15	8900	312768
9000.1	9000	333040
9100.51	9100	341728
9200.06	9200	354760
9457.11	9300	169416
9459.07	9400	0
9500.14	9500	0
9600.67	9600	487976
9700.12	9700	306976
9800.02	9800	353312
9904.16	9900	309872
10000	10000	324352
10103.1	10100	295392
10201.1	10200	341728
10414.2	10300	28960
10414.2	10400	0
10500.1	10500	375032
10602.1	10600	288152
10700.1	10700	324352
10802.1	10800	327248
11051.2	10900	188240
11051.3	11000	0
11116.2	11100	1448
11234.6	11200	550240
11332.1	11300	250504
11422.2	11400	257744
11528.1	11500	176656
11693.3	11600	0
11700.3	11700	0
11800.1	11800	395304
11903.2	11900	292496
12000.2	12000	305528
12100.3	12100	330144
12205.1	12200	304080
12300.1	12300	298288
12401.2	12400	275120
12501.1	12500	301184
12601.1	12600	263536
12813.2	12700	27512
12813.3	12800	0
12905.2	12900	340280
13001.1	13000	306976
13100.1	13100	263536
13208.3	13200	321456
13300.2	13300	266432
13401.2	13400	295392
13505.3	13500	315664
13602.2	13600	283808
13702.1	13700	278016
13802.1	13800	306976
13900.2	13900	272224
14001.2	14000	246160
14100.2	14100	110048
14208.3	14200	519832
14434.2	14300	59368
14435.1	14400	0
14500.2	14500	4344
14600.1	14600	554584
14700.5	14700	263536
14808.2	14800	306976
14906.2	14900	243264
15003.2	15000	260640
15100.2	15100	254848
15208.5	15200	283808
15304.3	15300	275120
15406.2	15400	275120
15500.2	15500	266432
15600.2	15600	243264
15703.2	15700	280912
15801.2	15800	272224
15903.5	15900	249056
16000.2	16000	292496
16100.2	16100	272224
16200.3	16200	82536
16301.2	16300	440192
16400.9	16400	237472
16502.3	16500	251952
16753.2	16600	147696
16754.2	16700	0
16825.3	16800	1448
16908.3	16900	435848
17003.3	17000	272224
17100.2	17100	240368
17206.2	17200	251952
17302.2	17300	225888
17400.4	17400	251952
17502.3	17500	214304
17601.3	17600	246160
17700.2	17700	217200
17808.3	17800	254848
17900.2	17900	214304
18001.2	18000	249056
18103.3	18100	225888
18201.3	18200	240368
18308.3	18300	246160
18401.3	18400	220096
18507.3	18500	249056
18600.3	18600	105704
18706.2	18700	375032
18804.3	18800	240368
18901.2	18900	260640
19000.2	19000	237472
19100.3	19100	225888
19200.4	19200	166520
19302.4	19300	266432
19401.3	19400	218648
19500.2	19500	231680
19601.3	19600	231680
19703.3	19700	211408
19808.3	19800	231680
19904.8	19900	208512
20000.3	20000	225888
20100.3	20100	249056
20204.9	20200	225888
20300.3	20300	78192
20400.5	20400	130320
20501.2	20500	459016
20601.8	20600	211408
20702.4	20700	205616
20800.3	20800	33304
20903.3	20900	409784
21001.3	21000	228784
21101.3	21100	249056
21200.3	21200	196928
21300.3	21300	240368
21400.4	21400	89776
21500.3	21500	110048
21600.3	21600	305528
21715.3	21700	286704
21808.3	21800	176656
21902.3	21900	192584
22001.3	22000	188240
22101.3	22100	194032
22201.5	22200	217200
22300.3	22300	196928
22406.4	22400	194032
22500.3	22500	199824
22602.3	22600	191136
22700.3	22700	214304
22808.3	22800	199824
22902.4	22900	34752
23000.4	23000	356208
23100.3	23100	205616
23200.3	23200	188240
23301.3	23300	205616
23401.3	23400	202720
23643.4	23500	70952
23643.5	23600	0
23709.5	23700	1448
23805.3	23800	199824
23900.3	23900	325800
24000.4	24000	165072
24100.3	24100	182448
24200.4	24200	176656
24302.8	24300	170864
24403.3	24400	176656
24500.4	24500	139008
24745.4	24600	0
24746.4	24700	0
24811.4	24800	2896
24909.4	24900	411232
25004.4	25000	162176
25101.4	25100	144800
25201.4	25200	167968
25300.4	25300	179552
25540.5	25400	52128
25542.8	25500	0
25604.4	25600	1448
25703.5	25700	322904
25800.5	25800	153488
25900.3	25900	182448
26002.5	26000	162176
26102.5	26100	165072
26200.4	26200	36200
26306.4	26300	276568
26549.6	26400	68056
26549.6	26500	0
26614.5	26600	1448
26734.4	26700	315664
26811.4	26800	85432
27011.5	26900	11584
27011.6	27000	0
27107.4	27100	189688
27364.5	27200	68056
27364.5	27300	0
27570.7	27400	0
27570.7	27500	0
27634.5	27600	57920
27700.4	27700	196928
27800.4	27800	127424
27901.4	27900	150592
28170.5	28000	112944
28170.5	28100	0
28210.5	28200	0
28300.4	28300	221544
28509.5	28400	4344
28509.6	28500	0
28715.5	28600	0
28716.4	28700	0
28801.5	28800	92672
28933.4	28900	147696
29093.5	29000	0
29101.7	29100	0
29225.4	29200	144800
29301.4	29300	78192
29545.5	29400	55024
29546.5	29500	0
29610.5	29600	1448
29705.5	29700	182448
29801.4	29800	124528
29908.5	29900	130320
30000.5	30000	133216
30216.5	30100	28960
30216.5	30200	0
30300.5	30300	140456
30403.5	30400	152040
30500.5	30500	130320
30603.5	30600	147696
30700.7	30700	139008
30914.5	30800	15928
30914.6	30900	0
31117.7	31000	0
31119.5	31100	0
31202.5	31200	244712
31431.6	31300	34752
31433.5	31400	0
31501.5	31500	121632
31603.3	31600	78192
31767.5	31700	0
31972.6	31800	0
31972.6	31900	0
32037.6	32000	81088
32101.5	32100	101360
32208.5	32200	89776
32399.6	32300	1448
32400.5	32400	0
32604.6	32500	0
32605.5	32600	0
32733.1	32700	102808
32898.6	32800	0
32901.5	32900	0
33190.6	33000	83984
33190.6	33100	0
33396.7	33200	0
33396.7	33300	0
33400.6	33400	0
33524.1	33500	66608
33600.5	33600	43440
33723.5	33700	69504
33800.5	33800	57920
33922.6	33900	65160
34082.6	34000	0
34148.6	34100	0
34376.6	34200	91224
34376.7	34300	0
34426.5	34400	0
34506.5	34500	105704
34798.7	34600	52128
34798.8	34700	0
34800.7	34800	0
34928.6	34900	102808
35167.6	35000	34752
35167.6	35100	0
35369.6	35200	0
35370.6	35300	0
35436.6	35400	41992
35511.6	35500	92672
35743.6	35600	39096
35743.6	35700	0
35948.6	35800	0
35949.6	35900	0
36218.7	36000	26064
36218.8	36100	0
36218.8	36200	0
36306.7	36300	112944
36417.6	36400	49232
36584.6	36500	0
36601.6	36600	0
36878.6	36700	86880
36879.5	36800	0
36932.6	36900	0
37177.7	37000	86880
37177.8	37100	0
37240.6	37200	0
37304.6	37300	73848
37588.6	37400	43440
37588.7	37500	0
37794.7	37600	0
37795.6	37700	0
37800.6	37800	0
38073.8	37900	37648
38073.9	38000	0
38138.9	38100	21720
38356.1	38200	50680
38356.1	38300	0
38558.8	38400	0
38558.9	38500	0
38765.7	38600	1448
38765.8	38700	0
38833.4	38800	0
39100.7	38900	85432
39100.7	39000	0
39101.6	39100	0
39305.9	39200	0
39305.9	39300	0
39436.1	39400	39096
39649.7	39500	11584
39649.7	39600	0
39711.7	39700	0
39806.6	39800	97016
39943.7	39900	59368
40111.7	40000	0
40111.7	40100	0
40317.7	40200	0
40317.8	40300	0
40400.6	40400	86880
40632.8	40500	23168
40632.9	40600	0
40839.8	40700	0
40839.9	40800	0
40904.7	40900	15928
41127.8	41000	47784
41127.9	41100	0
41207.7	41200	44888
41410.7	41300	5792
41410.8	41400	0
41615.7	41500	0
41615.8	41600	0
42086.8	41700	40544
42086.8	41800	0
42086.9	41900	0
42086.9	42000	0
42151.8	42100	10136
42218.7	42200	8688
42349.2	42300	34752
42409.7	42400	18824
42703.8	42500	24616
42703.8	42600	0
42703.9	42700	0
42833.7	42800	37648
42902.7	42900	31856
43000.9	43000	55024
43100.7	43100	72400
43315.8	43200	10136
43316.8	43300	0
43520.8	43400	0
43520.9	43500	0
43724.8	43600	37648
43724.9	43700	0
43998.8	43800	33304
43998.9	43900	0
44000.7	44000	0
44129.7	44100	78192
44218.7	44200	55024
44415.8	44300	0
44416.7	44400	0
44501.8	44500	78192
44713.8	44600	4344
44713.9	44700	0
44917.8	44800	0
44917.8	44900	0
45121.8	45000	33304
45122.8	45100	0
45395.9	45200	75296
45396	45300	0
45599.9	45400	0
45599.9	45500	0
45600	45600	0
45728.7	45700	62264
45848.8	45800	28960
46012.8	45900	0
46012.9	46000	0
46280.9	46100	1448
46281	46200	36200
46484.9	46300	0
46485	46400	0
46549.9	46500	4344
46615.8	46600	31856
46829.9	46700	5792
46830	46800	0
47031.8	46900	0
47031.9	47000	0
47235.9	47100	1448
47236	47200	7240
47301.8	47300	21720
47514	47400	24616
47514	47500	0
47718.9	47600	0
47718.9	47700	0
47986.8	47800	1448
47986.9	47900	0
48255	48000	0
48255.1	48100	0
48255.1	48200	4344
48320.8	48300	31856
48523.8	48400	0
48523.9	48500	0
48728	48600	0
48728	48700	0
48800.9	48800	18824
48930.8	48900	23168
49010.9	49000	15928
49117.8	49100	21720
49217.9	49200	17376
49547.9	49300	26064
49547.9	49400	0
49548	49500	0
49754	49600	0
49754.1	49700	0
49820.9	49800	10136
49937.9	49900	28960
50023.9	50000	14480
50100.9	50100	20272
50208.9	50200	24616
50505	50300	26064
50505	50400	0
50505	50500	0
50707.9	50600	0
50708	50700	0
50847.9	50800	30408
50912.9	50900	11584
51250	51000	26064
51250	51100	0
51251	51200	0
51453.9	51300	0
51454	51400	0
51521	51500	20272
51600	51600	15928
51727.9	51700	15928
51802	51800	13032
51912	51900	26064
52007.9	52000	21720
52108.9	52100	28960
52375	52200	17376
52375.1	52300	0
52442	52400	0
52506.9	52500	34752
52648	52600	30408
52713.9	52700	17376
52987	52800	18824
52987	52900	0
53008	53000	0
53255.1	53100	0
53255.1	53200	0
53320	53300	0
53451	53400	49232
53517	53500	17376
53733	53600	7240
53733.1	53700	0
53804	53800	1448
53926	53900	34752
54004	54000	17376
54128.1	54100	24616
54233.1	54200	15928
54400.1	54300	0
54400.1	54400	0
54533	54500	28960
54739.1	54600	4344
54739.1	54700	0
54812.1	54800	0
54943.1	54900	27512
55009	55000	11584
55139	55100	21720
55203.9	55200	14480
55643.1	55300	8688
55643.2	55400	0
55643.2	55500	0
55643.2	55600	0
55707	55700	0
55842.1	55800	26064
56051.1	55900	1448
56052.1	56000	0
56118.1	56100	0
56248.1	56200	24616
56315.1	56300	11584
56433	56400	21720
56702.1	56500	11584
56702.1	56600	0
56907.2	56700	0
56907.2	56800	0
56907.2	56900	0
57039.1	57000	23168
57104.1	57100	8688
57514.1	57200	1448
57514.2	57300	0
57514.2	57400	0
57515.2	57500	0
57646.1	57600	14480
57711.1	57700	7240
57867.1	57800	20272
57934.1	57900	11584
58002	58000	13032
58124.1	58100	18824
58280.1	58200	0
58344	58300	0
58409.1	58400	24616
58540.1	58500	26064
58758.1	58600	1448
58758.1	58700	0
58810	58800	0
58945.2	58900	28960
59014.1	59000	13032
