0	0	1
130.999	100	15928
233.956	200	36200
300.007	300	49232
400.938	400	130320
500.884	500	195480
600.056	600	73848
1035.05	700	18824
1102.01	800	241816
1166.98	900	1448
1167.07	1000	1448
1167.89	1100	1448
1200.97	1200	40544
1300	1300	27512
1538.08	1400	0
1538.16	1500	1448
1744.07	1600	4344
1746.04	1700	0
1808.99	1800	0
1900.08	1900	401096
2010.99	2000	44888
2100.03	2100	59368
2203.08	2200	40544
2330.27	2300	72400
2400.99	2400	46336
2525.04	2500	75296
2603.14	2600	57920
2717.2	2700	75296
2802.96	2800	57920
2910.04	2900	86880
3003.95	3000	63712
3104.04	3100	95568
3203.02	3200	72400
3312.05	3300	104256
3402	3400	81088
3504.97	3500	104256
3607.07	3600	89776
3701.01	3700	101360
3802.06	3800	89776
3909.97	3900	104256
4001.01	4000	115840
4102.95	4100	104256
4201.05	4200	124528
4302	4300	112944
4400.05	4400	133216
4501.01	4500	121632
4601.14	4600	139008
4700.99	4700	127424
4801.06	4800	150592
4900.05	4900	130320
5003.03	5000	156384
5101.06	5100	141904
5203.07	5200	156384
5301.07	5300	150592
5404.07	5400	156384
5500.09	5500	150592
5602.07	5600	173760
5702.01	5700	165072
5801.2	5800	172312
5901.07	5900	153488
6001.08	6000	185344
6100.08	6100	159280
6200.06	6200	196928
6300.04	6300	162176
6401.11	6400	205616
6501.04	6500	185344
6600.09	6600	196928
6704.11	6700	196928
6802.06	6800	188240
6901.14	6900	205616
7000.13	7000	179552
7100.11	7100	208512
7200.14	7200	202720
7301.11	7300	208512
7400.12	7400	199824
7501.1	7500	205616
7600.27	7600	205616
7700.1	7700	205616
7800.09	7800	202720
7901.03	7900	208512
8001	8000	205616
8101.15	8100	208512
8201.11	8200	199824
8300.06	8300	199824
8400.21	8400	211408
8500.03	8500	205616
8600.11	8600	191136
8700.28	8700	167968
8801.16	8800	165072
8900.13	8900	167968
9001.13	9000	159280
9102.23	9100	133216
9200.67	9200	0
9300.07	9300	170864
9400.1	9400	117288
9500.14	9500	133216
9601.23	9600	182448
9701.15	9700	179552
9800.07	9800	191136
9901.14	9900	199824
10002.2	10000	205616
10100.2	10100	202720
10200.1	10200	214304
10311.2	10300	152040
10406.2	10400	147696
10502.4	10500	144800
10600.2	10600	147696
10700.2	10700	234576
10800.1	10800	222992
10900.2	10900	222992
11000.3	11000	231680
11102.3	11100	237472
11200.3	11200	222992
11300.1	11300	251952
11400.2	11400	240368
11500.1	11500	251952
11607	11600	249056
11700.1	11700	240368
11800.1	11800	269328
11902.2	11900	266432
12000.2	12000	278016
12101.2	12100	260640
12203.2	12200	298288
12300.1	12300	260640
12400.3	12400	289600
12501.1	12500	283808
12600.1	12600	251952
12706.3	12700	269328
12800.2	12800	278016
12900.2	12900	286704
13001.3	13000	321456
13104.2	13100	275120
13210.3	13200	330144
13300.2	13300	275120
13402.3	13400	335936
13500.3	13500	309872
13606.2	13600	272224
13701.2	13700	344624
13908.3	13800	4344
13909.2	13900	0
14000.4	14000	247608
14104.2	14100	251952
14201.2	14200	249056
14300.2	14300	285256
14401.2	14400	251952
14500.2	14500	312768
14600.1	14600	275120
14701.2	14700	321456
14802.2	14800	283808
14900.2	14900	280912
15000.2	15000	315664
15100.2	15100	289600
15203.3	15200	214304
15306.2	15300	280912
15418.2	15400	209960
15511.6	15500	211408
15602.3	15600	212856
15700.2	15700	259192
15800.3	15800	267880
15900.2	15900	272224
16001.2	16000	272224
16100.2	16100	272224
16200.2	16200	260640
16301.3	16300	263536
16400.2	16400	272224
16500.2	16500	260640
16603.2	16600	202720
16706.2	16700	131768
16800.2	16800	321456
16900.3	16900	234576
17000.3	17000	260640
17105.2	17100	266432
17200.2	17200	278016
17301.3	17300	231680
17400.3	17400	301184
17501.2	17500	266432
17601.3	17600	306976
17700.4	17700	240368
17800.2	17800	278016
17904.3	17900	304080
18000.3	18000	272224
18101.4	18100	315664
18200.3	18200	280912
18300.4	18300	292496
18401.4	18400	280912
18500.3	18500	283808
18600.3	18600	298288
18700	18700	298288
18800.3	18800	315664
18900.4	18900	278016
19000.3	19000	301184
19107.3	19100	299736
19200.3	19200	286704
19302.3	19300	278016
19401.3	19400	254848
19500.2	19500	292496
19601.3	19600	280912
19700.3	19700	249056
19800.4	19800	266432
19900.3	19900	269328
20000.4	20000	269328
20100.3	20100	269328
20200.3	20200	269328
20300.4	20300	266432
20419.3	20400	308424
20511.4	20500	236024
20601.4	20600	225888
20700.4	20700	257744
20800.3	20800	273672
20900.3	20900	272224
21000.3	21000	266432
21100.3	21100	269328
21200.2	21200	263536
21300.3	21300	272224
21400.3	21400	254848
21500.4	21500	280912
21600.3	21600	266432
21700.4	21700	269328
21801.3	21800	257744
21900.3	21900	137560
22001.4	22000	112944
22101.4	22100	362000
22200.3	22200	199824
22301.4	22300	185344
22401.3	22400	156384
22500.4	22500	165072
22600.4	22600	165072
22701.3	22700	167968
22800.3	22800	167968
22900.4	22900	159280
23001.5	23000	165072
23100.3	23100	165072
23200.4	23200	112944
23300.3	23300	217200
23401.3	23400	170864
23500.4	23500	199824
23600.4	23600	237472
23700.4	23700	214304
23801.4	23800	240368
23900.4	23900	196928
24001.4	24000	249056
24100.4	24100	222992
24200	24200	225888
24304.4	24300	260640
24400.4	24400	231680
24506.4	24500	243264
24601.4	24600	240368
24700.9	24700	257744
24801.4	24800	254848
24901.4	24900	214304
25002.4	25000	199824
25100.4	25100	191136
25200.3	25200	196928
25301.5	25300	211408
25401.4	25400	201272
25528.4	25500	243264
25623.4	25600	186792
25700.4	25700	166520
25800.5	25800	234576
25900.4	25900	292496
26000.5	26000	260640
26101.5	26100	306976
26201.4	26200	301184
26300.5	26300	283808
26400.4	26400	324352
26501.4	26500	298288
26601.5	26600	272224
26703.6	26700	280912
26800.5	26800	304080
26900.5	26900	289600
27000.5	27000	341728
27100.5	27100	309872
27200.5	27200	335936
27302.4	27300	318560
27400.4	27400	309872
27506.5	27500	364896
27606.5	27600	330144
27704.4	27700	331592
27801.5	27800	251952
27900.4	27900	301184
28001.4	28000	347520
28101.5	28100	350416
28200.6	28200	330144
28300.5	28300	341728
28407.6	28400	333040
28502.5	28500	249056
28601.5	28600	98464
28701.4	28700	337384
28800.6	28800	243264
28900.6	28900	220096
29001.6	29000	199824
29101.5	29100	194032
29200.4	29200	89776
29301.6	29300	88328
29403.6	29400	280912
29500.6	29500	81088
29600.5	29600	221544
29701.6	29700	139008
29800.6	29800	4344
29900.5	29900	301184
30000.5	30000	182448
30100.5	30100	234576
30200.5	30200	231680
30301.5	30300	240368
30428.6	30400	291048
30531.6	30500	173760
30625.6	30600	175208
30700.6	30700	143352
30800.6	30800	215752
30901.5	30900	240368
31000.7	31000	272224
31102.5	31100	298288
31201.5	31200	275120
31300.6	31300	295392
31401.5	31400	263536
31500.5	31500	304080
31600.5	31600	289600
31700.6	31700	280912
31802.6	31800	251952
31904.5	31900	243264
32000.6	32000	202720
32105.6	32100	188240
32204.5	32200	170864
32301.6	32300	176656
32406.6	32400	217200
32500.6	32500	292496
32600.8	32600	304080
32701.5	32700	306976
32801.6	32800	275120
32900.5	32900	335936
33001.6	33000	298288
33100.6	33100	315664
33207.7	33200	318560
33301.7	33300	298288
33400.6	33400	333040
33502.7	33500	324352
33600.6	33600	315664
33701.5	33700	333040
33800.6	33800	321456
33900.5	33900	330144
34000.6	34000	318560
34103.6	34100	312768
34201.6	34200	272224
34300.7	34300	198376
34400.6	34400	60816
34502.6	34500	357656
34601.7	34600	263536
34702.7	34700	263536
34800.7	34800	257744
34900.5	34900	240368
35000.6	35000	217200
35100.5	35100	249056
35201.7	35200	254848
35300.6	35300	254848
35414.6	35400	251952
35531.6	35500	266432
35626.7	35600	212856
35719.7	35700	214304
35819.6	35800	215752
35900.7	35900	278016
36001.7	36000	298288
36100.7	36100	321456
36202.6	36200	292496
36300.6	36300	330144
36402.7	36400	306976
36507.7	36500	353312
36600.7	36600	315664
36700.7	36700	333040
36800.7	36800	341728
36901.8	36900	335936
37007.7	37000	283808
37101.7	37100	292496
37200.6	37200	275120
37300.7	37300	266432
37400.7	37400	266432
37500.7	37500	269328
37600.6	37600	249056
37701.6	37700	133216
37800.7	37800	128872
37901.8	37900	344624
38000.7	38000	231680
38102.7	38100	266432
38200.7	38200	266432
38304.8	38300	222992
38401.8	38400	292496
38500.7	38500	269328
38600.6	38600	306976
38701.6	38700	312768
38800.6	38800	312768
38900.6	38900	301184
39000.6	39000	278016
39102.7	39100	254848
39201.7	39200	278016
39300.7	39300	283808
39400.7	39400	306976
39500.7	39500	292496
39601.7	39600	353312
39700.9	39700	315664
39800.8	39800	304080
39900.8	39900	272224
40001.7	40000	246160
40100.7	40100	269328
40203.7	40200	237472
40301.8	40300	260640
40402.7	40400	272224
40526.8	40500	328696
40622.7	40600	240368
40718.8	40700	241816
40821.8	40800	276568
40900.8	40900	189688
41001.8	41000	341728
41101.7	41100	338832
41200.6	41200	376480
41300.7	41300	350416
41400.7	41400	269328
41502.8	41500	289600
41601.8	41600	359104
41701.7	41700	347520
41800.8	41800	388064
41901.7	41900	370688
42000.7	42000	370688
42100.7	42100	359104
42224.7	42200	337384
42390.8	42300	0
42400.7	42400	0
42704.7	42500	309872
42706.7	42600	0
42709.7	42700	0
42998.8	42800	214304
42998.9	42900	0
43000.8	43000	0
43100.8	43100	263536
43351.8	43200	52128
43352.7	43300	0
43415.7	43400	1448
43659.8	43500	238920
43660.7	43600	0
43701	43700	0
43801.8	43800	288152
43900.8	43900	243264
44000.8	44000	237472
44105.8	44100	237472
44347.9	44200	111496
44348	44300	0
44555.9	44400	0
44556	44500	0
44619.8	44600	83984
44700.8	44700	254848
44814.8	44800	222992
44901.8	44900	173760
45000.7	45000	211408
45107.8	45100	214304
45201	45200	185344
45305.8	45300	185344
45595.9	45400	185344
45596.9	45500	0
45600	45600	0
45713.8	45700	218648
45800.8	45800	124528
45901.8	45900	150592
46001.8	46000	191136
46100.9	46100	162176
46203.8	46200	196928
46300.9	46300	182448
46401.9	46400	194032
46500.8	46500	199824
46601.8	46600	196928
46819.9	46700	28960
46821.8	46800	0
47023	46900	0
47023	47000	0
47100.8	47100	250504
47220.9	47200	120184
47450.9	47300	101360
47452.8	47400	0
47516.8	47500	1448
47600.9	47600	260640
47709.8	47700	121632
47831.9	47800	214304
47901.8	47900	112944
48030.9	48000	225888
48100	48100	136112
48222.9	48200	214304
48305.9	48300	153488
48416.8	48400	208512
48500.9	48500	159280
48609	48600	217200
48700	48700	196928
48800.9	48800	191136
48901	48900	234576
49004.9	49000	179552
49100.8	49100	260640
49201	49200	153488
49300	49300	217200
49404.4	49400	220096
49504.8	49500	231680
49612.9	49600	217200
49700	49700	220096
49806.9	49800	222992
50042.9	49900	60816
50043	50000	0
50106.9	50100	1448
50200	50200	269328
50416.9	50300	37648
50418.9	50400	0
50502.9	50500	147696
50600.8	50600	92672
50765	50700	0
50969.9	50800	0
50970	50900	0
51042.1	51000	104256
51105.9	51100	124528
51201	51200	156384
51301	51300	182448
51582.9	51400	107152
51583.9	51500	0
51600	51600	0
51722.9	51700	169416
51811.9	51800	101360
51905	51900	112944
52162	52000	91224
52162	52100	0
52361	52200	0
52361.1	52300	0
52568	52400	53576
52568.1	52500	0
52631.9	52600	52128
52706	52700	78192
52826	52800	98464
52996	52900	0
53000	53000	0
53279.1	53100	2896
53279.2	53200	0
53484.1	53300	0
53484.2	53400	0
53561.7	53500	92672
53626	53600	70952
53848.1	53700	1448
53848.2	53800	0
53911	53900	1448
54000	54000	157832
54108	54100	69504
54200	54200	72400
54302	54300	107152
54615	54400	98464
54616	54500	0
54616.1	54600	0
54731	54700	108600
54803.9	54800	57920
54901	54900	86880
55001	55000	95568
55111.1	55100	66608
55200.1	55200	120184
55311	55300	8688
55464	55400	0
55666.1	55500	0
55666.3	55600	0
55871.1	55700	1448
55871.2	55800	0
55935.1	55900	0
56000	56000	118736
56121	56100	102808
56207.1	56200	62264
56324.1	56300	107152
56400	56400	65160
56515	56500	112944
56608	56600	81088
56708.1	56700	112944
56800	56800	83984
56900	56900	121632
57008.1	57000	112944
57106.1	57100	115840
57201.1	57200	107152
57308.1	57300	127424
57406	57400	115840
57501.1	57500	130320
57601.1	57600	127424
57707.1	57700	136112
57803.1	57800	127424
57901.1	57900	144800
58000.2	58000	139008
58235.5	58100	40544
58235.6	58200	0
58301	58300	2896
58420.1	58400	208512
58501.1	58500	83984
58709.2	58600	10136
58709.2	58700	0
58827.5	58800	105704
58901.1	58900	72400
59000.1	59000	78192
59106.1	59100	89776
59277.1	59200	0
59320.1	59300	0
59431.1	59400	107152
59619.2	59500	0
59620.2	59600	0
59747.1	59700	98464
59810.1	59800	60816
59901.2	59900	95568
60159.2	60000	43440
60159.3	60100	0
60365.2	60200	0
60365.2	60300	0
60432.2	60400	28960
60501.2	60500	88328
60770.2	60600	36200
60771.2	60700	0
60994.3	60800	0
60994.4	60900	0
61060.2	61000	7240
61328.2	61100	26064
61328.3	61200	0
61328.3	61300	0
61400.1	61400	7240
61732.2	61500	88328
61733.1	61600	0
61733.2	61700	0
61801.1	61800	49232
62070.2	61900	17376
62071.1	62000	0
62134.2	62100	1448
62200.1	62200	65160
62408.3	62300	14480
62408.4	62400	0
62682.2	62500	2896
62682.3	62600	0
62747.2	62700	1448
62813.3	62800	69504
62942.2	62900	57920
63007.2	63000	40544
63121.2	63100	81088
63200.2	63200	52128
63321.2	63300	85432
63401.2	63400	57920
63521.2	63500	79640
63718.3	63600	0
63718.3	63700	0
63800.2	63800	66608
63907.2	63900	39096
64034.2	64000	75296
64100.1	64100	40544
64329.3	64200	14480
64330.3	64300	0
64457.3	64400	57920
64523.2	64500	39096
64635.2	64600	76744
64700.2	64700	40544
65035.3	64800	55024
65035.4	64900	0
65035.4	65000	0
65103.2	65100	47784
65373.2	65200	40544
65374.2	65300	0
65440.3	65400	1448
65711.3	65500	50680
65711.4	65600	0
65712.2	65700	0
65841.3	65800	47784
66053.3	65900	20272
66053.4	66000	0
66117.2	66100	1448
66231.2	66200	81088
66319.3	66300	40544
66408.2	66400	49232
66521.2	66500	73848
66627.3	66600	44888
66806.2	66700	0
66807.1	66800	0
66913.3	66900	62264
67184.2	67000	30408
67185.2	67100	0
67207.3	67200	0
67316.2	67300	55024
67537.4	67400	0
67537.4	67500	0
67617.3	67600	1448
67703.3	67700	39096
67805.2	67800	44888
68060.3	67900	24616
68060.3	68000	0
68339.3	68100	0
68339.4	68200	0
68339.4	68300	34752
68412.3	68400	0
68500.3	68500	40544
68626.2	68600	27512
68771.4	68700	0
68974.4	68800	0
68974.5	68900	1448
69038.3	69000	24616
69121.3	69100	23168
69200.3	69200	43440
69316.2	69300	33304
69405.3	69400	37648
69652.3	69500	14480
69652.4	69600	0
