0	0	1
156.008	100	15928
256.041	200	34752
320.008	300	13032
400.043	400	44888
512.002	500	153488
600.064	600	238920
701.175	700	270776
800.997	800	88328
900.045	900	367792
1000.08	1000	311320
1100.05	1100	4344
1201.17	1200	535760
1300.11	1300	269328
1400.03	1400	269328
1500.21	1500	266432
1601.07	1600	254848
1701.22	1700	320008
1808.07	1800	306976
1901.07	1900	322904
2001.09	2000	320008
2100.05	2100	315664
2200.09	2200	321456
2300.03	2300	324352
2400.27	2400	333040
2501.18	2500	350416
2600.08	2600	292496
2700.23	2700	240368
2801.09	2800	286704
2901.07	2900	266432
3000.14	3000	272224
3100.13	3100	269328
3200.21	3200	272224
3301.14	3300	211408
3400.05	3400	8688
3502.21	3500	396752
3601.05	3600	176656
3700.15	3700	162176
3801.12	3800	150592
3900.02	3900	121632
4000.08	4000	121632
4102.14	4100	144800
4201.1	4200	165072
4300.03	4300	167968
4400.03	4400	165072
4501.1	4500	173760
4600.17	4600	205616
4701.14	4700	208512
4801.16	4800	208512
4901.07	4900	205616
5001.17	5000	202720
5100.18	5100	208512
5200.1	5200	205616
5300.12	5300	205616
5400.08	5400	208512
5503.13	5500	211408
5601.1	5600	191136
5700.1	5700	162176
5800.07	5800	162176
6063.18	5900	55024
6063.31	6000	0
6271.19	6100	0
6271.25	6200	0
6301.24	6300	0
7726.19	6400	5792
7726.38	6500	0
7726.41	6600	0
7726.42	6700	0
7790.18	6800	5792
7790.35	6900	2896
7791.16	7000	2896
7791.24	7100	1448
7792.15	7200	13032
7855.22	7300	1448
7855.31	7400	1448
7855.34	7500	5792
7855.39	7600	2896
7856.22	7700	5792
7856.32	7800	17376
7919.2	7900	115840
8000.2	8000	147696
8110.15	8100	115840
8213.22	8200	117288
8300.22	8300	136112
8404.23	8400	118736
8500.22	8500	191136
8600.32	8600	115840
8700.29	8700	153488
8806.28	8800	165072
8902.21	8900	162176
9000.23	9000	162176
9100.23	9100	176656
9200.17	9200	159280
9300.16	9300	182448
9401.18	9400	179552
9500.24	9500	182448
9600.2	9600	185344
9700.24	9700	188240
9801.18	9800	170864
9900.19	9900	165072
10000.2	10000	167968
10100.3	10100	162176
10201.2	10200	167968
10301.2	10300	167968
10401.2	10400	139008
10500.2	10500	104256
10600.2	10600	0
10700.3	10700	0
10971.3	10800	334488
10971.4	10900	0
11037.3	11000	0
11103.3	11100	0
11201.2	11200	228784
11347.3	11300	56472
11413.3	11400	23168
11683.5	11500	36200
11683.6	11600	0
11888.4	11700	0
11889.3	11800	0
11954.4	11900	0
12018.3	12000	0
12101.2	12100	130320
12208.3	12200	28960
12300.2	12300	40544
12404.2	12400	31856
12505.3	12500	52128
12606.3	12600	34752
12700.2	12700	57920
12802.3	12800	40544
12924.3	12900	69504
13003.2	13000	49232
13115.2	13100	69504
13200.2	13200	57920
13307.3	13300	72400
13401.2	13400	75296
13502.3	13500	69504
13602.3	13600	92672
13700.3	13700	72400
13817.2	13800	95568
13903.3	13900	86880
14011.3	14000	89776
14103.3	14100	101360
14204.3	14200	86880
14301.3	14300	118736
14401.3	14400	92672
14502.3	14500	130320
14600.3	14600	92672
14716.3	14700	133216
14804.3	14800	101360
14908.3	14900	136112
15003.3	15000	115840
15101.3	15100	136112
15200.3	15200	124528
15301.3	15300	141904
15400.3	15400	133216
15502.3	15500	136112
15601.3	15600	139008
15700.2	15700	139008
15814.3	15800	173760
15907.3	15900	104256
16000.3	16000	107152
16102.3	16100	162176
16202.3	16200	167968
16300.3	16300	165072
16400.4	16400	170864
16501.4	16500	179552
16602.4	16600	176656
16700.3	16700	182448
16800.3	16800	182448
16900.4	16900	185344
17000.4	17000	194032
17100.4	17100	191136
17201.3	17200	199824
17300.3	17300	194032
17401.4	17400	208512
17500.4	17500	202720
17600.4	17600	208512
17700.3	17700	202720
17801.4	17800	208512
17900.4	17900	205616
18000.4	18000	208512
18101.4	18100	205616
18201.4	18200	208512
18301.4	18300	225888
18400.4	18400	240368
18500.4	18500	243264
18600.4	18600	246160
18701.4	18700	246160
18800.3	18800	251952
18900.3	18900	249056
19002.4	19000	266432
19100.4	19100	257744
19200.4	19200	243264
19300.3	19300	266432
19400.3	19400	260640
19507.4	19500	222992
19603.4	19600	240368
19701.3	19700	257744
19800.3	19800	272224
19900.3	19900	269328
20000.4	20000	205616
20100.4	20100	205616
20200.3	20200	176656
20303.4	20300	62264
20400.4	20400	0
20502.4	20500	0
20762.5	20600	0
20762.5	20700	0
20967.5	20800	0
20967.6	20900	0
21044.5	21000	364896
21100.4	21100	133216
21212.5	21200	17376
21300.4	21300	152040
21406.4	21400	81088
21501.4	21500	92672
21601.4	21600	78192
21702.5	21700	110048
21806.4	21800	78192
21919.5	21900	115840
22000.4	22000	81088
22111.4	22100	121632
22202.4	22200	95568
22303.4	22300	118736
22400.5	22400	112944
22502.4	22500	121632
22601.5	22600	121632
22701.5	22700	124528
22800.5	22800	139008
22902.4	22900	127424
23007.4	23000	128872
23100.5	23100	143352
23201.4	23200	141904
23301.4	23300	147696
23400.4	23400	156384
23504.4	23500	156384
23604.5	23600	162176
23705.4	23700	153488
23800.4	23800	167968
23900.5	23900	159280
24001.4	24000	185344
24100.5	24100	162176
24200.5	24200	196928
24300.5	24300	173760
24407.5	24400	179552
24506.6	24500	165072
24600.4	24600	202720
24701.5	24700	179552
24800.4	24800	211408
24902.5	24900	188240
25002.5	25000	211408
25100.5	25100	199824
25200.5	25200	217200
25301.5	25300	211408
25403.5	25400	222992
25501.5	25500	222992
25600.6	25600	225888
25700.5	25700	225888
25801.1	25800	234576
25932.6	25900	276568
26027.6	26000	156384
26100.5	26100	130320
26200.6	26200	220096
26300.5	26300	257744
26400.6	26400	231680
26501.5	26500	205616
26600.6	26600	202720
26701.5	26700	211408
26800.6	26800	202720
26900.6	26900	176656
27000.5	27000	167968
27100.6	27100	165072
27201.5	27200	188240
27300.5	27300	225888
27400.5	27400	266432
27500.5	27500	259192
27600.5	27600	302632
27700.6	27700	249056
27800.5	27800	312768
27901.7	27900	278016
28000.6	28000	312768
28101.5	28100	289600
28206.6	28200	249056
28302.6	28300	246160
28400.5	28400	292496
28501.6	28500	289600
28603.6	28600	306976
28701.6	28700	318560
28800.5	28800	327248
28900.6	28900	327248
29000.5	29000	304080
29100.6	29100	291048
29202.7	29200	263536
29300.6	29300	251952
29400.6	29400	311320
29500.5	29500	362000
29600.6	29600	327248
29700.5	29700	353312
29800.5	29800	350416
29900.6	29900	362000
30001.6	30000	362000
30100.7	30100	362000
30201.7	30200	373584
30300.6	30300	362000
30400.6	30400	370688
30500.6	30500	373584
30600.6	30600	356208
30700.6	30700	364896
30801.3	30800	359104
30900.7	30900	350416
31001.6	31000	273672
31128.7	31100	341728
31200.6	31200	173760
31300.6	31300	291048
31400.6	31400	314216
31500.6	31500	359104
31601.6	31600	362000
31701.7	31700	312768
31800.6	31800	249056
31900.8	31900	146248
32001.6	32000	380824
32101.6	32100	199824
32200.7	32200	220096
32302.7	32300	214304
32403.7	32400	222992
32500.7	32500	222992
32603.7	32600	225888
32700.6	32700	237472
32801.6	32800	231680
32900.7	32900	243264
33000.6	33000	234576
33100.8	33100	251952
33200.6	33200	243264
33300.6	33300	251952
33402.7	33400	260640
33500.7	33500	254848
33600.8	33600	249056
33702.7	33700	269328
33800.6	33800	272224
33900.7	33900	269328
34000.7	34000	280912
34100.7	34100	275120
34200.7	34200	304080
34300.6	34300	263536
34401.7	34400	315664
34501.6	34500	280912
34600.7	34600	304080
34707.7	34700	289600
34807.7	34800	251952
34903.7	34900	260640
35000.6	35000	315664
35101.6	35100	309872
35200.8	35200	301184
35302.6	35300	286704
35401.6	35400	246160
35501.7	35500	330144
35600.7	35600	315664
35700.7	35700	333040
35800.7	35800	341728
35903.7	35900	309872
36005.7	36000	256296
36100.8	36100	225888
36218.8	36200	302632
36314.8	36300	191136
36400.7	36400	176656
36500.8	36500	208512
36600.7	36600	269328
36700.7	36700	263536
36800.7	36800	275120
36900.7	36900	269328
37000.8	37000	263536
37100.7	37100	275120
37204.8	37200	188240
37303.7	37300	26064
37401.8	37400	311320
37503.7	37500	167968
37600.9	37600	167968
37700.8	37700	165072
37800.7	37800	167968
37901.8	37900	176656
38001.9	38000	170864
38100.8	38100	173760
38200.9	38200	176656
38300	38300	179552
38400.7	38400	182448
38500.8	38500	185344
38602.8	38600	199824
38706.8	38700	220096
38805.8	38800	222992
38900.7	38900	225888
39000.7	39000	231680
39100.8	39100	243264
39200.8	39200	246160
39300.7	39300	251952
39400.7	39400	246160
39504.7	39500	266432
39600.8	39600	217200
39703.9	39700	254848
39805.7	39800	257744
39900.8	39900	275120
40000.8	40000	254848
40100.8	40100	292496
40200.8	40200	237472
40301.8	40300	272224
40400.9	40400	272224
40500.8	40500	315664
40600.8	40600	263536
40700.8	40700	338832
40800.8	40800	266432
40906.8	40900	318560
41000.8	41000	301184
41100.9	41100	292496
41229.9	41200	318560
41318.9	41300	141904
41413.8	41400	204168
41509.8	41500	207064
41600	41600	304080
41700.8	41700	315664
41801.8	41800	347520
41900.8	41900	312768
42000	42000	353312
42101.9	42100	335936
42213.8	42200	364896
42300.9	42300	333040
42402.9	42400	333040
42501	42500	370688
42600.5	42600	330144
42700.7	42700	379376
42800.9	42800	344624
42901.8	42900	396752
43000.8	43000	350416
43103.8	43100	388064
43200.8	43200	356208
43304	43300	341728
43402.9	43400	286704
43501	43500	353312
43600	43600	289600
43700.8	43700	260640
43800.9	43800	254848
43900	43900	251952
44002.9	44000	341728
44100	44100	382272
44200	44200	359104
44300.9	44300	306976
44403.9	44400	333040
44501	44500	350416
44600.9	44600	463360
44700	44700	379376
44805.9	44800	463360
44900.9	44900	393856
45000	45000	441640
45100.9	45100	425712
45200.9	45200	434400
45300	45300	434400
45400.9	45400	428608
45500	45500	454672
45600	45600	443088
45700.9	45700	472048
45800.9	45800	445984
45900	45900	456120
46000.9	46000	477840
46100	46100	469152
46213.9	46200	534312
46309.9	46300	306976
46409.9	46400	331592
46504.9	46500	309872
46600.9	46600	311320
46701	46700	325800
46800.9	46800	490872
46901	46900	492320
47001	47000	496664
47103.9	47100	477840
47200	47200	495216
47300	47300	450328
47400	47400	521280
47501	47500	493768
47600	47600	516936
47700	47700	508248
47801.9	47800	541552
47900.9	47900	505352
48000.9	48000	528520
48100	48100	537208
48201	48200	529968
48300.9	48300	532864
48400	48400	537208
48500	48500	544448
48600	48600	551688
48700	48700	548792
48801	48800	496664
48903.9	48900	469152
49154	49000	250504
49154.1	49100	0
49201	49200	0
49300	49300	518384
49401	49400	293944
49501.9	49500	253400
49602.9	49600	244712
49701.9	49700	237472
49800.9	49800	286704
49900.9	49900	295392
50000	50000	304080
50100	50100	296840
50201	50200	314216
50301	50300	314216
50400.1	50400	247608
50501	50500	251952
50600	50600	264984
50702.9	50700	251952
50800.9	50800	202720
50900.9	50900	202720
51000.9	51000	228784
51102.9	51100	237472
51200	51200	301184
51332	51300	304080
51434	51400	222992
51529	51500	224440
51625.1	51600	225888
51722	51700	227336
51816	51800	228784
51900.1	51900	231680
52008.1	52000	379376
52100.1	52100	351864
52201	52200	350416
52300.1	52300	390960
52400	52400	340280
52501	52500	401096
52600	52600	360552
52700	52700	398200
52800.1	52800	369240
52903.2	52900	412680
53001.2	53000	388064
53100	53100	385168
53200	53200	403992
53300.1	53300	393856
53400.1	53400	428608
53500	53500	382272
53600	53600	444536
53701.2	53700	386616
53805.1	53800	450328
53900.1	53900	383720
54000.1	54000	448880
54100.1	54100	357656
54200.1	54200	306976
54300.1	54300	301184
54401	54400	304080
54501.1	54500	298288
54600.1	54600	350416
54701	54700	441640
54800.1	54800	435848
54900	54900	409784
55000.1	55000	438744
55100	55100	485080
55200.2	55200	441640
55301.2	55300	390960
55401.3	55400	479288
55500.1	55500	443088
55600.1	55600	496664
55700.1	55700	466256
55801.1	55800	496664
55900.1	55900	473496
56000.1	56000	493768
56100.1	56100	487976
56201.2	56200	495216
56300.1	56300	498112
56400.1	56400	503904
56501.2	56500	508248
56600.2	56600	495216
56701.2	56700	532864
56800.1	56800	503904
56924.1	56900	583544
57014.2	57000	314216
57109.1	57100	331592
57214.2	57200	340280
57350.2	57300	344624
57452.1	57400	344624
57516.2	57500	202720
57600.1	57600	454672
57701.2	57700	547344
57801.1	57800	541552
57900.1	57900	547344
58000.1	58000	543000
58101.1	58100	545896
58201.6	58200	560376
58301.1	58300	554584
58400.1	58400	538656
58500.1	58500	557480
58601.2	58600	577752
58700.2	58700	561824
58801.2	58800	574856
58900.1	58900	569064
59001.3	59000	587888
59100.2	59100	570512
59394.2	59200	487976
59395.2	59300	0
59400.1	59400	0
59500.3	59500	392408
59600.2	59600	301184
59700.1	59700	278016
59801.2	59800	325800
59900.1	59900	286704
60001.2	60000	328696
60100.2	60100	259192
60201.1	60200	309872
60300.3	60300	246160
60400.1	60400	320008
60500.1	60500	309872
60606.1	60600	350416
60705.2	60700	301184
60800.2	60800	328696
60900.2	60900	328696
61000.1	61000	372136
61102.2	61100	318560
61200.2	61200	382272
61300.2	61300	309872
61400.2	61400	406888
61500.1	61500	328696
61600.2	61600	390960
61700.2	61700	341728
61800.2	61800	395304
61900.2	61900	353312
62000.1	62000	392408
62101.2	62100	377928
62201.2	62200	385168
62301.2	62300	376480
62401.2	62400	405440
62500.3	62500	395304
62627.3	62600	392408
62732.3	62700	260640
62824.3	62800	264984
62919.3	62900	269328
63017.3	63000	264984
63100.3	63100	264984
63200.3	63200	237472
63300.2	63300	333040
63401.3	63400	382272
63500.3	63500	386616
63601.2	63600	388064
63700.3	63700	379376
63800.3	63800	390960
63900.2	63900	388064
64003.2	64000	293944
64101.3	64100	254848
64201.3	64200	253400
64303.2	64300	263536
64401.2	64400	253400
64500.2	64500	364896
64600.3	64600	385168
64706.4	64700	392408
64800.3	64800	376480
64900.3	64900	375032
65001.3	65000	390960
65100.3	65100	392408
65200.3	65200	379376
65300.2	65300	331592
65408.2	65400	406888
65501.2	65500	435848
65600.3	65600	479288
65701.3	65700	482184
65800.3	65800	490872
65901.3	65900	472048
66001.3	66000	512592
66101.3	66100	480736
66202.3	66200	512592
66301.4	66300	490872
66400.2	66400	511144
66500.3	66500	501008
66600.3	66600	485080
66704.3	66700	541552
66801.3	66800	490872
66900.3	66900	537208
67001.4	67000	516936
67100.2	67100	524176
67201.3	67200	537208
67302.3	67300	524176
67405.3	67400	493768
67503.3	67500	473496
67611.3	67600	476392
67737.3	67700	364896
67804.3	67800	237472
67929.3	67900	411232
68021.4	68000	312768
68115.3	68100	362000
68208.3	68200	363448
68314.5	68300	363448
68403.4	68400	327248
68505.3	68500	369240
68602.3	68600	463360
68700.3	68700	547344
68803.3	68800	508248
68900.3	68900	548792
69000.3	69000	531416
69104.3	69100	529968
69202.3	69200	492320
69301.3	69300	419920
69401.3	69400	405440
69504.3	69500	482184
69601.4	69600	571960
69701.3	69700	538656
69800.3	69800	582096
70088.4	69900	56472
70088.4	70000	0
70293.4	70100	0
70293.5	70200	0
70359.5	70300	2896
70424.4	70400	23168
70500.4	70500	60816
70600.4	70600	101360
70702.4	70700	23168
70804.4	70800	0
70904.4	70900	0
71000.4	71000	0
71100.4	71100	0
71200.3	71200	0
71300.4	71300	0
71716.5	71400	1448
71780.4	71500	8688
71782.3	71600	1448
71845.4	71700	4344
71847.5	71800	2896
71910.4	71900	20272
72000.4	72000	1178672
72100.5	72100	89776
72200.4	72200	267880
72300.4	72300	157832
72401.5	72400	159280
72500.4	72500	157832
72608.5	72600	141904
72700.4	72700	124528
72838.5	72800	133216
72920.5	72900	69504
73002.5	73000	0
73104.4	73100	188240
73353.5	73200	33304
73353.5	73300	0
73560.5	73400	0
73560.6	73500	0
73629.5	73600	10136
73861.5	73700	70952
73862.5	73800	2896
73930.4	73900	0
74140.6	74000	0
74140.7	74100	0
74206.6	74200	0
74616.5	74300	0
74616.7	74400	0
74616.7	74500	0
74616.7	74600	0
